/* color 0 */
/*  X        Y      S */
    0,     512,      0,
 8000,     512,    -79,
12000,     435,    -45,
19000,     358,    -25,
21000,     346,    -24,
25000,     323,      0,
65535,     323,      0,
65535,     323,      0,

/* color 1 */
    0,    256,  0,
 8000,    256,  0,
12000,    256,  0,
19000,    256,  0,
21000,    256,  0,
25000,    256,  0,
65535,    256,  0,
65535,    256,  0,

/* color 2 */
    0,    256,  0,
 8000,    256,  0,
12000,    256,  0,
19000,    256,  0,
21000,    256,  0,
25000,    256,  0,
65535,    256,  0,
65535,    256,  0,

/* color 3 */
    0,     333,      0,
 8000,     333,     52,
12000,     384,     15,
19000,     410,   -158,
21000,     333,    -52,
25000,     282,     0,
65535,     282,     0,
65535,     282,     0
