0   ,
45  ,
64  ,
78  ,
91  ,
101 ,
111 ,
120 ,
128 ,
136 ,
143 ,
150 ,
157 ,
163 ,
169 ,
175 ,
181 ,
187 ,
192 ,
197 ,
202 ,
207 ,
212 ,
217 ,
222 ,
226 ,
231 ,
235 ,
239 ,
244 ,
248 ,
252 ,
256 ,
260 ,
264 ,
268 ,
272 ,
275 ,
279 ,
283 ,
286 ,
290 ,
293 ,
297 ,
300 ,
304 ,
307 ,
310 ,
314 ,
317 ,
320 ,
323 ,
326 ,
329 ,
333 ,
336 ,
339 ,
342 ,
345 ,
348 ,
351 ,
353 ,
356 ,
359 ,
362 ,
365 ,
368 ,
370 ,
373 ,
376 ,
379 ,
381 ,
384 ,
387 ,
389 ,
392 ,
395 ,
397 ,
400 ,
402 ,
405 ,
407 ,
410 ,
412 ,
415 ,
417 ,
420 ,
422 ,
425 ,
427 ,
429 ,
432 ,
434 ,
436 ,
439 ,
441 ,
443 ,
446 ,
448 ,
450 ,
453 ,
455 ,
457 ,
459 ,
462 ,
464 ,
466 ,
468 ,
470 ,
472 ,
475 ,
477 ,
479 ,
481 ,
483 ,
485 ,
487 ,
490 ,
492 ,
494 ,
496 ,
498 ,
500 ,
502 ,
504 ,
506 ,
508 ,
510 ,
512 ,
514 ,
516 ,
518 ,
520 ,
522 ,
524 ,
526 ,
528 ,
530 ,
532 ,
534 ,
535 ,
537 ,
539 ,
541 ,
543 ,
545 ,
547 ,
549 ,
551 ,
552 ,
554 ,
556 ,
558 ,
560 ,
562 ,
563 ,
565 ,
567 ,
569 ,
571 ,
572 ,
574 ,
576 ,
578 ,
580 ,
581 ,
583 ,
585 ,
587 ,
588 ,
590 ,
592 ,
594 ,
595 ,
597 ,
599 ,
600 ,
602 ,
604 ,
605 ,
607 ,
609 ,
611 ,
612 ,
614 ,
616 ,
617 ,
619 ,
621 ,
622 ,
624 ,
625 ,
627 ,
629 ,
630 ,
632 ,
634 ,
635 ,
637 ,
638 ,
640 ,
642 ,
643 ,
645 ,
646 ,
648 ,
650 ,
651 ,
653 ,
654 ,
656 ,
657 ,
659 ,
660 ,
662 ,
664 ,
665 ,
667 ,
668 ,
670 ,
671 ,
673 ,
674 ,
676 ,
677 ,
679 ,
680 ,
682 ,
683 ,
685 ,
686 ,
688 ,
689 ,
691 ,
692 ,
694 ,
695 ,
697 ,
698 ,
700 ,
701 ,
703 ,
704 ,
705 ,
707 ,
708 ,
710 ,
711 ,
713 ,
714 ,
716 ,
717 ,
718 ,
720 ,
721 ,
723 ,
724 ,
725 ,
727 ,
728 ,
730 ,
731 ,
733 ,
734 ,
735 ,
737 ,
738 ,
739 ,
741 ,
742 ,
744 ,
745 ,
746 ,
748 ,
749 ,
750 ,
752 ,
753 ,
755 ,
756 ,
757 ,
759 ,
760 ,
761 ,
763 ,
764 ,
765 ,
767 ,
768 ,
769 ,
771 ,
772 ,
773 ,
775 ,
776 ,
777 ,
779 ,
780 ,
781 ,
783 ,
784 ,
785 ,
786 ,
788 ,
789 ,
790 ,
792 ,
793 ,
794 ,
796 ,
797 ,
798 ,
799 ,
801 ,
802 ,
803 ,
804 ,
806 ,
807 ,
808 ,
810 ,
811 ,
812 ,
813 ,
815 ,
816 ,
817 ,
818 ,
820 ,
821 ,
822 ,
823 ,
825 ,
826 ,
827 ,
828 ,
830 ,
831 ,
832 ,
833 ,
834 ,
836 ,
837 ,
838 ,
839 ,
841 ,
842 ,
843 ,
844 ,
845 ,
847 ,
848 ,
849 ,
850 ,
851 ,
853 ,
854 ,
855 ,
856 ,
857 ,
859 ,
860 ,
861 ,
862 ,
863 ,
865 ,
866 ,
867 ,
868 ,
869 ,
870 ,
872 ,
873 ,
874 ,
875 ,
876 ,
878 ,
879 ,
880 ,
881 ,
882 ,
883 ,
884 ,
886 ,
887 ,
888 ,
889 ,
890 ,
891 ,
893 ,
894 ,
895 ,
896 ,
897 ,
898 ,
899 ,
901 ,
902 ,
903 ,
904 ,
905 ,
906 ,
907 ,
908 ,
910 ,
911 ,
912 ,
913 ,
914 ,
915 ,
916 ,
917 ,
919 ,
920 ,
921 ,
922 ,
923 ,
924 ,
925 ,
926 ,
927 ,
929 ,
930 ,
931 ,
932 ,
933 ,
934 ,
935 ,
936 ,
937 ,
938 ,
940 ,
941 ,
942 ,
943 ,
944 ,
945 ,
946 ,
947 ,
948 ,
949 ,
950 ,
951 ,
953 ,
954 ,
955 ,
956 ,
957 ,
958 ,
959 ,
960 ,
961 ,
962 ,
963 ,
964 ,
965 ,
966 ,
967 ,
968 ,
970 ,
971 ,
972 ,
973 ,
974 ,
975 ,
976 ,
977 ,
978 ,
979 ,
980 ,
981 ,
982 ,
983 ,
984 ,
985 ,
986 ,
987 ,
988 ,
989 ,
990 ,
991 ,
993 ,
994 ,
995 ,
996 ,
997 ,
998 ,
999 ,
1000,
1001,
1002,
1003,
1004,
1005,
1006,
1007,
1008,
1009,
1010,
1011,
1012,
1013,
1014,
1015,
1016,
1017,
1018,
1019,
1020,
1021,
1022,
1023,
1023
