0    ,
45   ,
74   ,
98   ,
119  ,
140  ,
159  ,
177  ,
194  ,
211  ,
227  ,
242  ,
258  ,
273  ,
287  ,
301  ,
315  ,
329  ,
342  ,
355  ,
368  ,
381  ,
394  ,
406  ,
419  ,
431  ,
443  ,
455  ,
466  ,
478  ,
489  ,
501  ,
512  ,
523  ,
534  ,
545  ,
556  ,
567  ,
577  ,
588  ,
599  ,
609  ,
619  ,
630  ,
640  ,
650  ,
660  ,
670  ,
680  ,
690  ,
700  ,
710  ,
719  ,
729  ,
738  ,
748  ,
758  ,
767  ,
776  ,
786  ,
795  ,
804  ,
813  ,
823  ,
832  ,
850  ,
850  ,
868  ,
868  ,
886  ,
886  ,
903  ,
903  ,
921  ,
921  ,
938  ,
938  ,
955  ,
955  ,
972  ,
972  ,
989  ,
989  ,
1006 ,
1006 ,
1023 ,
1023 ,
1039 ,
1039 ,
1056 ,
1056 ,
1072 ,
1072 ,
1089 ,
1089 ,
1105 ,
1105 ,
1121 ,
1121 ,
1137 ,
1137 ,
1153 ,
1153 ,
1168 ,
1168 ,
1184 ,
1184 ,
1200 ,
1200 ,
1215 ,
1215 ,
1231 ,
1231 ,
1246 ,
1246 ,
1261 ,
1261 ,
1276 ,
1276 ,
1291 ,
1291 ,
1307 ,
1307 ,
1321 ,
1321 ,
1336 ,
1336 ,
1351 ,
1351 ,
1795 ,
2195 ,
2566 ,
2915 ,
3248 ,
3566 ,
3872 ,
4169 ,
4456 ,
4736 ,
5009 ,
5276 ,
5537 ,
5793 ,
6044 ,
6290 ,
6533 ,
6772 ,
7007 ,
7239 ,
7468 ,
7694 ,
7917 ,
8137 ,
8355 ,
8570 ,
8784 ,
8994 ,
9203 ,
9410 ,
9615 ,
9818 ,
10019,
10219,
10417,
10613,
10808,
11001,
11193,
11383,
11572,
11760,
11946,
12132,
12316,
12499,
12680,
12861,
13040,
13219,
13396,
13573,
13748,
13923,
14096,
14269,
14441,
14612,
14782,
14951,
15119,
15287,
15454,
15620,
15785,
15950,
16113,
16276,
16439,
16601,
16762,
16922,
17082,
17241,
17399,
17557,
17715,
17871,
18027,
18183,
18338,
18492,
18646,
18799,
18952,
19104,
19256,
19407,
19558,
19708,
19858,
20007,
20156,
20304,
20452,
20599,
20746,
20893,
21039,
21184,
21329,
21474,
21618,
21762,
21906,
22049,
22192,
22334,
22476,
22617,
22759,
22899,
23040,
23180,
23320,
23459,
23598,
23737,
23875,
24013,
24150,
24288,
24425,
24561,
24698,
24834,
24969,
25104,
25240,
25374,
25509,
25643,
25777,
25910,
26043,
26176,
26309,
26441,
26573,
26705,
26837,
26968,
27099,
27229,
27360,
27490,
27620,
27749,
27879,
28008,
28137,
28265,
28394,
28522,
28650,
28777,
28905,
29032,
29159,
29285,
29412,
29538,
29664,
29790,
29915,
30041,
30166,
30290,
30415,
30539,
30664,
30788,
30911,
31035,
31158,
31281,
31404,
31527,
31649,
31772,
31894,
32016,
32137,
32259,
32380,
32501,
32622,
32743,
32864,
32984,
33104,
33224,
33344,
33463,
33583,
33702,
33821,
33940,
34059,
34177,
34296,
34414,
34532,
34650,
34767,
34885,
35002,
35119,
35236,
35353,
35470,
35586,
35702,
35819,
35935,
36050,
36166,
36282,
36397,
36512,
36627,
36742,
36857,
36971,
37086,
37200,
37314,
37428,
37542,
37656,
37769,
37883,
37996,
38109,
38222,
38335,
38448,
38560,
38673,
38785,
38897,
39009,
39121,
39232,
39344,
39455,
39567,
39678,
39789,
39900,
40011,
40121,
40232,
40342,
40452,
40563,
40672,
40782,
40892,
41002,
41111,
41221,
41330,
41439,
41548,
41657,
41765,
41874,
41983,
42091,
42199,
42307,
42415,
42523,
42631,
42739,
42846,
42954,
43061,
43168,
43275,
43382,
43489,
43596,
43703,
43809,
43916,
44022,
44128,
44234,
44340,
44446,
44552,
44658,
44763,
44869,
44974,
45079,
45184,
45289,
45394,
45499,
45604,
45708,
45813,
45917,
46022,
46126,
46230,
46334,
46438,
46542,
46645,
46749,
46852,
46956,
47059,
47162,
47266,
47369,
47471,
47574,
47677,
47780,
47882,
47985,
48087,
48189,
48291,
48394,
48496,
48597,
48699,
48801,
48903,
49004,
49106,
49207,
49308,
49409,
49510,
49611,
49712,
49813,
49914,
50015,
50115,
50216,
50316,
50416,
50516,
50617,
50717,
50817,
50917,
51016,
51116,
51216,
51315,
51415,
51514,
51613,
51713,
51812,
51911,
52010,
52109,
52207,
52306,
52405,
52503,
52602,
52700,
52799,
52897,
52995,
53093,
53191,
53289,
53387,
53485,
53582,
53680,
53778,
53875,
53973,
54070,
54167,
54264,
54361,
54459,
54555,
54652,
54749,
54846,
54943,
55039,
55136,
55232,
55329,
55425,
55521,
55617,
55713,
55809,
55905,
56001,
56097,
56193,
56288,
56384,
56480,
56575,
56670,
56766,
56861,
56956,
57051,
57146,
57241,
57336,
57431,
57526,
57621,
57715,
57810,
57904,
57999,
58093,
58187,
58282,
58376,
58470,
58564,
58658,
58752,
58846,
58940,
59033,
59127,
59221,
59314,
59408,
59501,
59595,
59688,
59781,
59874,
59967,
60060,
60153,
60246,
60339,
60432,
60525,
60617,
60710,
60803,
60895,
60987,
61080,
61172,
61264,
61357,
61449,
61541,
61633,
61725,
61817,
61909,
62000,
62092,
62184,
62275,
62367,
62458,
62550,
62641,
62732,
62824,
62915,
63006,
63097,
63188,
63279,
63370,
63461,
63552,
63643,
63733,
63824,
63915,
64005,
64096,
64186,
64276,
64367,
64457,
64547,
64637,
64727,
64818,
64908,
64997,
65087,
65177,
65267,
65357,
65446,
65535

