185  ,  184,  184  ,  184   ,
176  ,  176,  176  ,  175   ,
168  ,  168,  168  ,  167   ,
160  ,  160,  160  ,  160   ,
153  ,  153,  153  ,  152   ,
146  ,  146,  146  ,  145   ,
139  ,  139,  139  ,  139   ,
133  ,  133,  133  ,  132   ,
127  ,  126,  126  ,  126   ,
121  ,  121,  121  ,  120   ,
115  ,  115,  115  ,  115   ,
110  ,  110,  110  ,  109   ,
105  ,  105,  105  ,  104   ,
100  ,  100,  100  ,  100   ,
96   , 95  ,  95   , 95     ,
91   , 91  ,  91   , 91     ,
87   , 87  ,  87   , 87     ,
83   , 83  ,  83   , 83     ,
80   , 79  ,  79   , 79     ,
76   , 76  ,  76   , 76     ,
73   , 73  ,  72   , 72     ,
70   , 69  ,  69   , 69     ,
67   , 66  ,  66   , 66     ,
64   , 64  ,  64   , 64     ,
61   , 61  ,  61   , 61     ,
59   , 59  ,  59   , 59     ,
57   , 57  ,  57   , 56     ,
55   , 55  ,  54   , 54     ,
53   , 53  ,  53   , 52     ,
51   , 51  ,  51   , 51     ,
50   , 49  ,  49   , 49     ,
48   , 48  ,  48   , 48     ,
47   , 47  ,  47   , 47     ,
46   , 46  ,  46   , 45     ,
45   , 45  ,  45   , 44     ,
44   , 44  ,  44   , 44     ,
43   , 43  ,  43   , 43     ,
43   , 43  ,  43   , 43     ,
42   , 42  ,  42   , 42     ,
42   , 42  ,  42   , 42     ,
42   , 42  ,  42   , 42     ,
42   , 42  ,  42   , 42     ,
42   , 42  ,  42   , 42     ,
43   , 43  ,  43   , 43     ,
43   , 43  ,  43   , 43     ,
44   , 44  ,  44   , 44     ,
45   , 45  ,  45   , 45     ,
46   , 46  ,  46   , 46     ,
47   , 47  ,  47   , 47     ,
48   , 48  ,  48   , 48     ,
50   , 50  ,  49   , 49     ,
51   , 51  ,  51   , 51     ,
53   , 53  ,  53   , 53     ,
55   , 55  ,  54   , 55     ,
57   , 57  ,  57   , 57     ,
59   , 59  ,  59   , 59     ,
61   , 62  ,  61   , 61     ,
64   , 64  ,  64   , 64     ,
67   , 67  ,  66   , 67     ,
70   , 70  ,  69   , 70     ,
73   , 73  ,  72   , 73     ,
76   , 76  ,  76   , 76     ,
80   , 80  ,  79   , 79     ,
83   , 83  ,  83   , 83     ,
87   , 87  ,  87   , 87     ,
91   , 92  ,  91   , 91     ,
96   , 96  ,  95   , 96     ,
100  ,  100,  100  ,  100   ,
105  ,  105,  105  ,  105   ,
110  ,  110,  110  ,  110   ,
115  ,  116,  115  ,  115   ,
121  ,  121,  121  ,  121   ,
127  ,  127,  126  ,  127   ,
133  ,  133,  133  ,  133   ,
139  ,  140,  139  ,  139   ,
146  ,  146,  146  ,  146   ,
153  ,  154,  153  ,  153   ,
160  ,  161,  160  ,  161   ,
168  ,  169,  168  ,  168   ,
176  ,  177,  176  ,  176   ,
185  ,  185,  184  ,  185   ,
174  ,  174,  174  ,  174   ,
166  ,  166,  166  ,  165   ,
158  ,  158,  158  ,  158   ,
151  ,  150,  150  ,  150   ,
144  ,  143,  143  ,  143   ,
137  ,  136,  136  ,  136   ,
130  ,  130,  130  ,  129   ,
124  ,  124,  124  ,  123   ,
118  ,  118,  118  ,  117   ,
112  ,  112,  112  ,  112   ,
107  ,  106,  107  ,  106   ,
102  ,  101,  101  ,  101   ,
97   , 96  ,  96   , 96     ,
92   , 92  ,  92   , 91     ,
87   , 87  ,  87   , 87     ,
83   , 83  ,  83   , 83     ,
79   , 79  ,  79   , 79     ,
75   , 75  ,  75   , 75     ,
72   , 72  ,  72   , 71     ,
68   , 68  ,  68   , 68     ,
65   , 65  ,  65   , 65     ,
62   , 62  ,  62   , 62     ,
59   , 59  ,  59   , 59     ,
57   , 56  ,  56   , 56     ,
54   , 54  ,  54   , 54     ,
52   , 52  ,  51   , 51     ,
50   , 49  ,  49   , 49     ,
48   , 47  ,  47   , 47     ,
46   , 46  ,  45   , 45     ,
44   , 44  ,  44   , 44     ,
42   , 42  ,  42   , 42     ,
41   , 41  ,  41   , 41     ,
40   , 40  ,  40   , 40     ,
39   , 39  ,  39   , 38     ,
38   , 38  ,  38   , 38     ,
37   , 37  ,  37   , 37     ,
36   , 36  ,  36   , 36     ,
36   , 36  ,  36   , 36     ,
36   , 36  ,  35   , 35     ,
35   , 35  ,  35   , 35     ,
35   , 35  ,  35   , 35     ,
35   , 35  ,  35   , 35     ,
36   , 36  ,  35   , 35     ,
36   , 36  ,  36   , 36     ,
36   , 36  ,  36   , 36     ,
37   , 37  ,  37   , 37     ,
38   , 38  ,  38   , 38     ,
39   , 39  ,  39   , 39     ,
40   , 40  ,  40   , 40     ,
41   , 41  ,  41   , 41     ,
42   , 43  ,  42   , 42     ,
44   , 44  ,  44   , 44     ,
46   , 46  ,  45   , 46     ,
48   , 48  ,  47   , 47     ,
50   , 50  ,  49   , 49     ,
52   , 52  ,  51   , 52     ,
54   , 54  ,  54   , 54     ,
57   , 57  ,  56   , 56     ,
59   , 59  ,  59   , 59     ,
62   , 62  ,  62   , 62     ,
65   , 65  ,  65   , 65     ,
68   , 69  ,  68   , 68     ,
72   , 72  ,  72   , 72     ,
75   , 76  ,  75   , 75     ,
79   , 79  ,  79   , 79     ,
83   , 83  ,  83   , 83     ,
87   , 88  ,  87   , 88     ,
92   , 92  ,  92   , 92     ,
97   , 97  ,  96   , 97     ,
102  ,  102,  101  ,  102   ,
107  ,  107,  107  ,  107   ,
112  ,  113,  112  ,  112   ,
118  ,  118,  118  ,  118   ,
124  ,  124,  124  ,  124   ,
130  ,  131,  130  ,  130   ,
137  ,  137,  136  ,  137   ,
144  ,  144,  143  ,  144   ,
151  ,  151,  150  ,  151   ,
158  ,  159,  158  ,  158   ,
166  ,  167,  166  ,  166   ,
174  ,  175,  174  ,  175   ,
165  ,  165,  165  ,  164   ,
157  ,  157,  157  ,  156   ,
149  ,  149,  149  ,  149   ,
142  ,  142,  142  ,  141   ,
135  ,  135,  135  ,  134   ,
128  ,  128,  128  ,  128   ,
122  ,  122,  122  ,  121   ,
116  ,  115,  116  ,  115   ,
110  ,  110,  110  ,  109   ,
104  ,  104,  104  ,  104   ,
99   , 99  ,  99   , 99     ,
94   , 94  ,  94   , 93     ,
89   , 89  ,  89   , 89     ,
85   , 84  ,  84   , 84     ,
80   , 80  ,  80   , 80     ,
76   , 76  ,  76   , 76     ,
72   , 72  ,  72   , 72     ,
68   , 68  ,  68   , 68     ,
65   , 65  ,  65   , 64     ,
61   , 61  ,  61   , 61     ,
58   , 58  ,  58   , 58     ,
55   , 55  ,  55   , 55     ,
53   , 52  ,  52   , 52     ,
50   , 50  ,  50   , 50     ,
47   , 47  ,  47   , 47     ,
45   , 45  ,  45   , 45     ,
43   , 43  ,  43   , 43     ,
41   , 41  ,  41   , 41     ,
39   , 39  ,  39   , 39     ,
38   , 38  ,  37   , 37     ,
36   , 36  ,  36   , 36     ,
35   , 35  ,  35   , 34     ,
34   , 33  ,  33   , 33     ,
32   , 32  ,  32   , 32     ,
32   , 32  ,  31   , 31     ,
31   , 31  ,  31   , 31     ,
30   , 30  ,  30   , 30     ,
30   , 30  ,  30   , 29     ,
29   , 29  ,  29   , 29     ,
29   , 29  ,  29   , 29     ,
29   , 29  ,  29   , 29     ,
29   , 29  ,  29   , 29     ,
29   , 29  ,  29   , 29     ,
30   , 30  ,  30   , 30     ,
30   , 30  ,  30   , 30     ,
31   , 31  ,  31   , 31     ,
32   , 32  ,  31   , 31     ,
32   , 33  ,  32   , 32     ,
34   , 34  ,  33   , 33     ,
35   , 35  ,  35   , 35     ,
36   , 36  ,  36   , 36     ,
38   , 38  ,  37   , 38     ,
39   , 39  ,  39   , 39     ,
41   , 41  ,  41   , 41     ,
43   , 43  ,  43   , 43     ,
45   , 45  ,  45   , 45     ,
47   , 48  ,  47   , 47     ,
50   , 50  ,  50   , 50     ,
53   , 53  ,  52   , 52     ,
55   , 55  ,  55   , 55     ,
58   , 58  ,  58   , 58     ,
61   , 62  ,  61   , 61     ,
65   , 65  ,  65   , 65     ,
68   , 69  ,  68   , 68     ,
72   , 72  ,  72   , 72     ,
76   , 76  ,  76   , 76     ,
80   , 80  ,  80   , 80     ,
85   , 85  ,  84   , 85     ,
89   , 89  ,  89   , 89     ,
94   , 94  ,  94   , 94     ,
99   , 99  ,  99   , 99     ,
104  ,  105,  104  ,  105   ,
110  ,  110,  110  ,  110   ,
116  ,  116,  116  ,  116   ,
122  ,  122,  122  ,  122   ,
128  ,  129,  128  ,  129   ,
135  ,  136,  135  ,  135   ,
142  ,  143,  142  ,  142   ,
149  ,  150,  149  ,  150   ,
157  ,  158,  157  ,  157   ,
165  ,  166,  165  ,  165   ,
157  ,  157,  157  ,  156   ,
149  ,  149,  149  ,  148   ,
142  ,  141,  141  ,  141   ,
134  ,  134,  134  ,  134   ,
128  ,  127,  127  ,  127   ,
121  ,  121,  121  ,  120   ,
115  ,  114,  114  ,  114   ,
109  ,  108,  108  ,  108   ,
103  ,  103,  103  ,  102   ,
97   , 97  ,  97   , 97     ,
92   , 92  ,  92   , 92     ,
87   , 87  ,  87   , 87     ,
82   , 82  ,  82   , 82     ,
78   , 78  ,  78   , 78     ,
74   , 73  ,  73   , 73     ,
70   , 69  ,  69   , 69     ,
66   , 65  ,  66   , 65     ,
62   , 62  ,  62   , 62     ,
59   , 58  ,  58   , 58     ,
55   , 55  ,  55   , 55     ,
52   , 52  ,  52   , 52     ,
49   , 49  ,  49   , 49     ,
47   , 46  ,  46   , 46     ,
44   , 44  ,  44   , 44     ,
42   , 41  ,  41   , 41     ,
39   , 39  ,  39   , 39     ,
37   , 37  ,  37   , 37     ,
35   , 35  ,  35   , 35     ,
34   , 33  ,  33   , 33     ,
32   , 32  ,  32   , 32     ,
30   , 30  ,  30   , 30     ,
29   , 29  ,  29   , 29     ,
28   , 28  ,  28   , 28     ,
27   , 27  ,  27   , 27     ,
26   , 26  ,  26   , 26     ,
25   , 25  ,  25   , 25     ,
25   , 25  ,  24   , 24     ,
24   , 24  ,  24   , 24     ,
24   , 24  ,  24   , 24     ,
24   , 24  ,  23   , 23     ,
24   , 24  ,  23   , 23     ,
24   , 24  ,  23   , 23     ,
24   , 24  ,  24   , 24     ,
24   , 24  ,  24   , 24     ,
25   , 25  ,  24   , 25     ,
25   , 25  ,  25   , 25     ,
26   , 26  ,  26   , 26     ,
27   , 27  ,  27   , 27     ,
28   , 28  ,  28   , 28     ,
29   , 29  ,  29   , 29     ,
30   , 31  ,  30   , 30     ,
32   , 32  ,  32   , 32     ,
34   , 34  ,  33   , 33     ,
35   , 35  ,  35   , 35     ,
37   , 37  ,  37   , 37     ,
39   , 39  ,  39   , 39     ,
42   , 42  ,  41   , 42     ,
44   , 44  ,  44   , 44     ,
47   , 47  ,  46   , 47     ,
49   , 49  ,  49   , 49     ,
52   , 52  ,  52   , 52     ,
55   , 56  ,  55   , 55     ,
59   , 59  ,  58   , 59     ,
62   , 62  ,  62   , 62     ,
66   , 66  ,  66   , 66     ,
70   , 70  ,  69   , 70     ,
74   , 74  ,  73   , 74     ,
78   , 78  ,  78   , 78     ,
82   , 83  ,  82   , 83     ,
87   , 88  ,  87   , 87     ,
92   , 93  ,  92   , 92     ,
97   , 98  ,  97   , 98     ,
103  ,  103,  103  ,  103   ,
109  ,  109,  108  ,  109   ,
115  ,  115,  114  ,  115   ,
121  ,  121,  121  ,  121   ,
128  ,  128,  127  ,  128   ,
134  ,  135,  134  ,  135   ,
142  ,  142,  141  ,  142   ,
149  ,  150,  149  ,  149   ,
157  ,  158,  157  ,  157   ,
150  ,  149,  150  ,  149   ,
142  ,  142,  142  ,  141   ,
135  ,  134,  135  ,  134   ,
128  ,  127,  127  ,  127   ,
121  ,  120,  121  ,  120   ,
114  ,  114,  114  ,  114   ,
108  ,  108,  108  ,  108   ,
102  ,  102,  102  ,  102   ,
97   , 96  ,  96   , 96     ,
91   , 91  ,  91   , 91     ,
86   , 86  ,  86   , 86     ,
81   , 81  ,  81   , 81     ,
77   , 76  ,  76   , 76     ,
72   , 72  ,  72   , 72     ,
68   , 68  ,  68   , 68     ,
64   , 64  ,  64   , 64     ,
60   , 60  ,  60   , 60     ,
57   , 56  ,  56   , 56     ,
53   , 53  ,  53   , 53     ,
50   , 50  ,  50   , 50     ,
47   , 47  ,  47   , 47     ,
44   , 44  ,  44   , 44     ,
41   , 41  ,  41   , 41     ,
39   , 39  ,  39   , 38     ,
36   , 36  ,  36   , 36     ,
34   , 34  ,  34   , 34     ,
32   , 32  ,  32   , 32     ,
30   , 30  ,  30   , 30     ,
29   , 28  ,  28   , 28     ,
27   , 27  ,  27   , 27     ,
25   , 25  ,  25   , 25     ,
24   , 24  ,  24   , 24     ,
23   , 23  ,  23   , 23     ,
22   , 22  ,  22   , 22     ,
21   , 21  ,  21   , 21     ,
20   , 20  ,  20   , 20     ,
20   , 20  ,  20   , 20     ,
19   , 19  ,  19   , 19     ,
19   , 19  ,  19   , 19     ,
19   , 19  ,  19   , 19     ,
19   , 19  ,  19   , 19     ,
19   , 19  ,  19   , 19     ,
19   , 19  ,  19   , 19     ,
19   , 19  ,  19   , 19     ,
20   , 20  ,  20   , 20     ,
20   , 20  ,  20   , 20     ,
21   , 21  ,  21   , 21     ,
22   , 22  ,  22   , 22     ,
23   , 23  ,  23   , 23     ,
24   , 24  ,  24   , 24     ,
25   , 26  ,  25   , 25     ,
27   , 27  ,  27   , 27     ,
29   , 29  ,  28   , 28     ,
30   , 30  ,  30   , 30     ,
32   , 32  ,  32   , 32     ,
34   , 34  ,  34   , 34     ,
36   , 37  ,  36   , 36     ,
39   , 39  ,  39   , 39     ,
41   , 41  ,  41   , 41     ,
44   , 44  ,  44   , 44     ,
47   , 47  ,  47   , 47     ,
50   , 50  ,  50   , 50     ,
53   , 53  ,  53   , 53     ,
57   , 57  ,  56   , 57     ,
60   , 60  ,  60   , 60     ,
64   , 64  ,  64   , 64     ,
68   , 68  ,  68   , 68     ,
72   , 72  ,  72   , 72     ,
77   , 77  ,  76   , 77     ,
81   , 82  ,  81   , 81     ,
86   , 86  ,  86   , 86     ,
91   , 92  ,  91   , 91     ,
97   , 97  ,  96   , 97     ,
102  ,  103,  102  ,  102   ,
108  ,  109,  108  ,  108   ,
114  ,  115,  114  ,  115   ,
121  ,  121,  121  ,  121   ,
128  ,  128,  127  ,  128   ,
135  ,  135,  135  ,  135   ,
142  ,  143,  142  ,  142   ,
150  ,  150,  150  ,  150   ,
144  ,  143,  143  ,  143   ,
136  ,  135,  136  ,  135   ,
129  ,  128,  128  ,  128   ,
122  ,  121,  122  ,  121   ,
115  ,  115,  115  ,  114   ,
109  ,  108,  108  ,  108   ,
103  ,  102,  102  ,  102   ,
97   , 96  ,  97   , 96     ,
91   , 91  ,  91   , 91     ,
86   , 86  ,  86   , 85     ,
81   , 81  ,  81   , 80     ,
76   , 76  ,  76   , 76     ,
71   , 71  ,  71   , 71     ,
67   , 67  ,  67   , 67     ,
63   , 63  ,  63   , 63     ,
59   , 59  ,  59   , 59     ,
55   , 55  ,  55   , 55     ,
52   , 51  ,  52   , 51     ,
48   , 48  ,  48   , 48     ,
45   , 45  ,  45   , 45     ,
42   , 42  ,  42   , 42     ,
39   , 39  ,  39   , 39     ,
37   , 37  ,  37   , 36     ,
34   , 34  ,  34   , 34     ,
32   , 32  ,  32   , 32     ,
30   , 30  ,  30   , 29     ,
28   , 28  ,  28   , 27     ,
26   , 26  ,  26   , 26     ,
24   , 24  ,  24   , 24     ,
23   , 22  ,  22   , 22     ,
21   , 21  ,  21   , 21     ,
20   , 20  ,  20   , 20     ,
19   , 19  ,  19   , 18     ,
18   , 18  ,  18   , 18     ,
17   , 17  ,  17   , 17     ,
16   , 16  ,  16   , 16     ,
15   , 15  ,  15   , 15     ,
15   , 15  ,  15   , 15     ,
15   , 15  ,  15   , 15     ,
15   , 14  ,  14   , 14     ,
14   , 14  ,  14   , 14     ,
15   , 15  ,  14   , 14     ,
15   , 15  ,  15   , 15     ,
15   , 15  ,  15   , 15     ,
15   , 16  ,  15   , 15     ,
16   , 16  ,  16   , 16     ,
17   , 17  ,  17   , 17     ,
18   , 18  ,  18   , 18     ,
19   , 19  ,  19   , 19     ,
20   , 20  ,  20   , 20     ,
21   , 21  ,  21   , 21     ,
23   , 23  ,  22   , 23     ,
24   , 24  ,  24   , 24     ,
26   , 26  ,  26   , 26     ,
28   , 28  ,  28   , 28     ,
30   , 30  ,  30   , 30     ,
32   , 32  ,  32   , 32     ,
34   , 34  ,  34   , 34     ,
37   , 37  ,  37   , 37     ,
39   , 39  ,  39   , 39     ,
42   , 42  ,  42   , 42     ,
45   , 45  ,  45   , 45     ,
48   , 49  ,  48   , 48     ,
52   , 52  ,  52   , 52     ,
55   , 55  ,  55   , 55     ,
59   , 59  ,  59   , 59     ,
63   , 63  ,  63   , 63     ,
67   , 67  ,  67   , 67     ,
71   , 72  ,  71   , 72     ,
76   , 76  ,  76   , 76     ,
81   , 81  ,  81   , 81     ,
86   , 86  ,  86   , 86     ,
91   , 92  ,  91   , 91     ,
97   , 97  ,  97   , 97     ,
103  ,  103,  102  ,  103   ,
109  ,  109,  108  ,  109   ,
115  ,  115,  115  ,  115   ,
122  ,  122,  122  ,  122   ,
129  ,  129,  128  ,  129   ,
136  ,  136,  136  ,  136   ,
144  ,  144,  143  ,  144   ,
138  ,  138,  138  ,  138   ,
131  ,  130,  130  ,  130   ,
123  ,  123,  123  ,  123   ,
117  ,  116,  116  ,  116   ,
110  ,  110,  110  ,  109   ,
104  ,  103,  104  ,  103   ,
98   , 97  ,  98   , 97     ,
92   , 92  ,  92   , 91     ,
86   , 86  ,  86   , 86     ,
81   , 81  ,  81   , 81     ,
76   , 76  ,  76   , 76     ,
72   , 71  ,  71   , 71     ,
67   , 67  ,  67   , 67     ,
63   , 62  ,  63   , 62     ,
59   , 58  ,  58   , 58     ,
55   , 54  ,  55   , 54     ,
51   , 51  ,  51   , 51     ,
48   , 47  ,  47   , 47     ,
44   , 44  ,  44   , 44     ,
41   , 41  ,  41   , 41     ,
38   , 38  ,  38   , 38     ,
35   , 35  ,  35   , 35     ,
33   , 33  ,  33   , 32     ,
30   , 30  ,  30   , 30     ,
28   , 28  ,  28   , 28     ,
26   , 26  ,  26   , 26     ,
24   , 24  ,  24   , 24     ,
22   , 22  ,  22   , 22     ,
20   , 20  ,  20   , 20     ,
19   , 19  ,  19   , 19     ,
17   , 17  ,  17   , 17     ,
16   , 16  ,  16   , 16     ,
15   , 15  ,  15   , 15     ,
14   , 14  ,  14   , 14     ,
13   , 13  ,  13   , 13     ,
12   , 12  ,  12   , 12     ,
12   , 12  ,  12   , 12     ,
11   , 11  ,  11   , 11     ,
11   , 11  ,  11   , 11     ,
11   , 11  ,  11   , 11     ,
11   , 11  ,  11   , 11     ,
11   , 11  ,  11   , 11     ,
11   , 11  ,  11   , 11     ,
11   , 11  ,  11   , 11     ,
12   , 12  ,  12   , 12     ,
12   , 12  ,  12   , 12     ,
13   , 13  ,  13   , 13     ,
14   , 14  ,  14   , 14     ,
15   , 15  ,  15   , 15     ,
16   , 16  ,  16   , 16     ,
17   , 17  ,  17   , 17     ,
19   , 19  ,  19   , 19     ,
20   , 20  ,  20   , 20     ,
22   , 22  ,  22   , 22     ,
24   , 24  ,  24   , 24     ,
26   , 26  ,  26   , 26     ,
28   , 28  ,  28   , 28     ,
30   , 30  ,  30   , 30     ,
33   , 33  ,  33   , 33     ,
35   , 35  ,  35   , 35     ,
38   , 38  ,  38   , 38     ,
41   , 41  ,  41   , 41     ,
44   , 44  ,  44   , 44     ,
48   , 48  ,  47   , 48     ,
51   , 51  ,  51   , 51     ,
55   , 55  ,  55   , 55     ,
59   , 59  ,  58   , 59     ,
63   , 63  ,  63   , 63     ,
67   , 67  ,  67   , 67     ,
72   , 72  ,  71   , 72     ,
76   , 77  ,  76   , 76     ,
81   , 82  ,  81   , 81     ,
86   , 87  ,  86   , 87     ,
92   , 92  ,  92   , 92     ,
98   , 98  ,  98   , 98     ,
104  ,  104,  104  ,  104   ,
110  ,  110,  110  ,  110   ,
117  ,  117,  116  ,  117   ,
123  ,  124,  123  ,  124   ,
131  ,  131,  130  ,  131   ,
138  ,  139,  138  ,  138   ,
134  ,  133,  133  ,  133   ,
126  ,  126,  126  ,  126   ,
119  ,  119,  119  ,  118   ,
112  ,  112,  112  ,  112   ,
106  ,  105,  106  ,  105   ,
99   , 99  ,  99   , 99     ,
94   , 93  ,  93   , 93     ,
88   , 88  ,  88   , 87     ,
82   , 82  ,  82   , 82     ,
77   , 77  ,  77   , 77     ,
72   , 72  ,  72   , 72     ,
68   , 67  ,  68   , 67     ,
63   , 63  ,  63   , 63     ,
59   , 59  ,  59   , 59     ,
55   , 55  ,  55   , 55     ,
51   , 51  ,  51   , 51     ,
47   , 47  ,  47   , 47     ,
44   , 44  ,  44   , 44     ,
41   , 41  ,  41   , 40     ,
38   , 37  ,  38   , 37     ,
35   , 35  ,  35   , 34     ,
32   , 32  ,  32   , 32     ,
29   , 29  ,  29   , 29     ,
27   , 27  ,  27   , 27     ,
25   , 25  ,  25   , 24     ,
23   , 22  ,  22   , 22     ,
21   , 20  ,  20   , 20     ,
19   , 19  ,  19   , 19     ,
17   , 17  ,  17   , 17     ,
16   , 15  ,  15   , 15     ,
14   , 14  ,  14   , 14     ,
13   , 13  ,  13   , 13     ,
12   , 12  ,  12   , 12     ,
11   , 11  ,  11   , 11     ,
10   , 10  ,  10   , 10     ,
9    ,9    ,   9   , 9      ,
9    ,9    ,   9   , 9      ,
8    ,8    ,   8   , 8      ,
8    ,8    ,   8   , 8      ,
8    ,8    ,   8   , 8      ,
8    ,8    ,   8   , 8      ,
8    ,8    ,   8   , 8      ,
8    ,8    ,   8   , 8      ,
8    ,8    ,   8   , 8      ,
9    ,9    ,   9   , 9      ,
9    ,9    ,   9   , 9      ,
10   , 10  ,  10   , 10     ,
11   , 11  ,  11   , 11     ,
12   , 12  ,  12   , 12     ,
13   , 13  ,  13   , 13     ,
14   , 14  ,  14   , 14     ,
16   , 16  ,  15   , 16     ,
17   , 17  ,  17   , 17     ,
19   , 19  ,  19   , 19     ,
21   , 21  ,  20   , 21     ,
23   , 23  ,  22   , 23     ,
25   , 25  ,  25   , 25     ,
27   , 27  ,  27   , 27     ,
29   , 29  ,  29   , 29     ,
32   , 32  ,  32   , 32     ,
35   , 35  ,  35   , 35     ,
38   , 38  ,  38   , 38     ,
41   , 41  ,  41   , 41     ,
44   , 44  ,  44   , 44     ,
47   , 48  ,  47   , 48     ,
51   , 51  ,  51   , 51     ,
55   , 55  ,  55   , 55     ,
59   , 59  ,  59   , 59     ,
63   , 64  ,  63   , 63     ,
68   , 68  ,  68   , 68     ,
72   , 73  ,  72   , 73     ,
77   , 78  ,  77   , 78     ,
82   , 83  ,  82   , 83     ,
88   , 88  ,  88   , 88     ,
94   , 94  ,  93   , 94     ,
99   , 100 ,  99   , 100    ,
106  ,  106,  106  ,  106   ,
112  ,  113,  112  ,  113   ,
119  ,  119,  119  ,  119   ,
126  ,  127,  126  ,  126   ,
134  ,  134,  133  ,  134   ,
130  ,  129,  130  ,  129   ,
122  ,  122,  122  ,  122   ,
115  ,  115,  115  ,  115   ,
109  ,  108,  109  ,  108   ,
102  ,  102,  102  ,  102   ,
96   , 96  ,  96   , 96     ,
90   , 90  ,  90   , 90     ,
85   , 84  ,  84   , 84     ,
79   , 79  ,  79   , 79     ,
74   , 74  ,  74   , 74     ,
69   , 69  ,  69   , 69     ,
65   , 64  ,  64   , 64     ,
60   , 60  ,  60   , 60     ,
56   , 56  ,  56   , 56     ,
52   , 52  ,  52   , 52     ,
48   , 48  ,  48   , 48     ,
44   , 44  ,  44   , 44     ,
41   , 41  ,  41   , 41     ,
38   , 38  ,  38   , 38     ,
35   , 35  ,  35   , 34     ,
32   , 32  ,  32   , 32     ,
29   , 29  ,  29   , 29     ,
27   , 26  ,  26   , 26     ,
24   , 24  ,  24   , 24     ,
22   , 22  ,  22   , 22     ,
20   , 20  ,  20   , 20     ,
18   , 18  ,  18   , 18     ,
16   , 16  ,  16   , 16     ,
14   , 14  ,  14   , 14     ,
13   , 13  ,  13   , 13     ,
12   , 11  ,  11   , 11     ,
10   , 10  ,  10   , 10     ,
9    ,9    ,   9   , 9      ,
8    ,8    ,   8   , 8      ,
7    ,7    ,   7   , 7      ,
7    ,7    ,   7   , 7      ,
6    ,6    ,   6   , 6      ,
6    ,6    ,   6   , 6      ,
5    ,5    ,   5   , 5      ,
5    ,5    ,   5   , 5      ,
5    ,5    ,   5   , 5      ,
5    ,5    ,   5   , 5      ,
5    ,5    ,   5   , 5      ,
6    ,6    ,   6   , 6      ,
6    ,6    ,   6   , 6      ,
7    ,7    ,   7   , 7      ,
7    ,7    ,   7   , 7      ,
8    ,8    ,   8   , 8      ,
9    ,9    ,   9   , 9      ,
10   , 10  ,  10   , 10     ,
12   , 12  ,  11   , 12     ,
13   , 13  ,  13   , 13     ,
14   , 15  ,  14   , 14     ,
16   , 16  ,  16   , 16     ,
18   , 18  ,  18   , 18     ,
20   , 20  ,  20   , 20     ,
22   , 22  ,  22   , 22     ,
24   , 24  ,  24   , 24     ,
27   , 27  ,  26   , 27     ,
29   , 29  ,  29   , 29     ,
32   , 32  ,  32   , 32     ,
35   , 35  ,  35   , 35     ,
38   , 38  ,  38   , 38     ,
41   , 41  ,  41   , 41     ,
44   , 45  ,  44   , 45     ,
48   , 48  ,  48   , 48     ,
52   , 52  ,  52   , 52     ,
56   , 56  ,  56   , 56     ,
60   , 60  ,  60   , 60     ,
65   , 65  ,  64   , 65     ,
69   , 70  ,  69   , 69     ,
74   , 74  ,  74   , 74     ,
79   , 80  ,  79   , 79     ,
85   , 85  ,  84   , 85     ,
90   , 91  ,  90   , 90     ,
96   , 96  ,  96   , 96     ,
102  ,  103,  102  ,  102   ,
109  ,  109,  109  ,  109   ,
115  ,  116,  115  ,  116   ,
122  ,  123,  122  ,  123   ,
130  ,  130,  130  ,  130   ,
127  ,  126,  127  ,  126   ,
119  ,  119,  119  ,  119   ,
112  ,  112,  112  ,  112   ,
106  ,  105,  106  ,  105   ,
99   , 99  ,  99   , 99     ,
93   , 93  ,  93   , 93     ,
87   , 87  ,  87   , 87     ,
82   , 82  ,  82   , 81     ,
77   , 76  ,  77   , 76     ,
72   , 71  ,  71   , 71     ,
67   , 66  ,  67   , 66     ,
62   , 62  ,  62   , 62     ,
58   , 57  ,  58   , 57     ,
53   , 53  ,  53   , 53     ,
50   , 49  ,  49   , 49     ,
46   , 46  ,  46   , 45     ,
42   , 42  ,  42   , 42     ,
39   , 39  ,  39   , 38     ,
36   , 35  ,  35   , 35     ,
32   , 32  ,  32   , 32     ,
30   , 29  ,  30   , 29     ,
27   , 27  ,  27   , 27     ,
24   , 24  ,  24   , 24     ,
22   , 22  ,  22   , 22     ,
20   , 20  ,  20   , 20     ,
18   , 18  ,  18   , 18     ,
16   , 16  ,  16   , 16     ,
14   , 14  ,  14   , 14     ,
12   , 12  ,  12   , 12     ,
11   , 11  ,  11   , 11     ,
9    ,9    ,   9   , 9      ,
8    ,8    ,   8   , 8      ,
7    ,7    ,   7   , 7      ,
6    ,6    ,   6   , 6      ,
5    ,5    ,   5   , 5      ,
5    ,5    ,   5   , 5      ,
4    ,4    ,   4   , 4      ,
4    ,4    ,   4   , 4      ,
3    ,3    ,   3   , 3      ,
3    ,3    ,   3   , 3      ,
3    ,3    ,   3   , 3      ,
3    ,3    ,   3   , 3      ,
3    ,3    ,   3   , 3      ,
4    ,4    ,   4   , 4      ,
4    ,4    ,   4   , 4      ,
5    ,5    ,   5   , 5      ,
5    ,5    ,   5   , 5      ,
6    ,6    ,   6   , 6      ,
7    ,7    ,   7   , 7      ,
8    ,8    ,   8   , 8      ,
9    ,10   ,   9   , 9      ,
11   , 11  ,  11   , 11     ,
12   , 12  ,  12   , 12     ,
14   , 14  ,  14   , 14     ,
16   , 16  ,  16   , 16     ,
18   , 18  ,  18   , 18     ,
20   , 20  ,  20   , 20     ,
22   , 22  ,  22   , 22     ,
24   , 25  ,  24   , 24     ,
27   , 27  ,  27   , 27     ,
30   , 30  ,  30   , 30     ,
32   , 33  ,  32   , 33     ,
36   , 36  ,  35   , 36     ,
39   , 39  ,  39   , 39     ,
42   , 42  ,  42   , 42     ,
46   , 46  ,  46   , 46     ,
50   , 50  ,  49   , 50     ,
53   , 54  ,  53   , 54     ,
58   , 58  ,  58   , 58     ,
62   , 62  ,  62   , 62     ,
67   , 67  ,  67   , 67     ,
72   , 72  ,  71   , 72     ,
77   , 77  ,  77   , 77     ,
82   , 82  ,  82   , 82     ,
87   , 88  ,  87   , 88     ,
93   , 94  ,  93   , 94     ,
99   , 100 ,  99   , 100    ,
106  ,  106,  106  ,  106   ,
112  ,  113,  112  ,  113   ,
119  ,  120,  119  ,  120   ,
127  ,  127,  127  ,  127   ,
125  ,  124,  124  ,  124   ,
117  ,  117,  117  ,  117   ,
110  ,  110,  110  ,  110   ,
104  ,  103,  104  ,  103   ,
97   , 97  ,  97   , 97     ,
91   , 91  ,  91   , 91     ,
85   , 85  ,  85   , 85     ,
80   , 80  ,  80   , 80     ,
75   , 74  ,  75   , 74     ,
70   , 69  ,  70   , 69     ,
65   , 64  ,  65   , 64     ,
60   , 60  ,  60   , 60     ,
56   , 56  ,  56   , 56     ,
52   , 51  ,  52   , 51     ,
48   , 47  ,  48   , 47     ,
44   , 44  ,  44   , 44     ,
40   , 40  ,  40   , 40     ,
37   , 37  ,  37   , 37     ,
34   , 34  ,  34   , 34     ,
31   , 31  ,  31   , 31     ,
28   , 28  ,  28   , 28     ,
25   , 25  ,  25   , 25     ,
23   , 23  ,  23   , 23     ,
20   , 20  ,  20   , 20     ,
18   , 18  ,  18   , 18     ,
16   , 16  ,  16   , 16     ,
14   , 14  ,  14   , 14     ,
12   , 12  ,  12   , 12     ,
11   , 11  ,  11   , 11     ,
9    ,9    ,   9   , 9      ,
8    ,8    ,   8   , 8      ,
7    ,7    ,   7   , 7      ,
6    ,6    ,   6   , 6      ,
5    ,5    ,   5   , 5      ,
4    ,4    ,   4   , 4      ,
3    ,3    ,   3   , 3      ,
3    ,3    ,   3   , 3      ,
2    ,2    ,   2   , 2      ,
2    ,2    ,   2   , 2      ,
2    ,2    ,   2   , 2      ,
2    ,2    ,   2   , 2      ,
2    ,2    ,   2   , 2      ,
2    ,2    ,   2   , 2      ,
2    ,2    ,   2   , 2      ,
3    ,3    ,   3   , 3      ,
3    ,3    ,   3   , 3      ,
4    ,4    ,   4   , 4      ,
5    ,5    ,   5   , 5      ,
6    ,6    ,   6   , 6      ,
7    ,7    ,   7   , 7      ,
8    ,8    ,   8   , 8      ,
9    ,9    ,   9   , 9      ,
11   , 11  ,  11   , 11     ,
12   , 13  ,  12   , 12     ,
14   , 14  ,  14   , 14     ,
16   , 16  ,  16   , 16     ,
18   , 18  ,  18   , 18     ,
20   , 21  ,  20   , 20     ,
23   , 23  ,  23   , 23     ,
25   , 25  ,  25   , 25     ,
28   , 28  ,  28   , 28     ,
31   , 31  ,  31   , 31     ,
34   , 34  ,  34   , 34     ,
37   , 37  ,  37   , 37     ,
40   , 41  ,  40   , 41     ,
44   , 44  ,  44   , 44     ,
48   , 48  ,  48   , 48     ,
52   , 52  ,  52   , 52     ,
56   , 56  ,  56   , 56     ,
60   , 60  ,  60   , 60     ,
65   , 65  ,  65   , 65     ,
70   , 70  ,  70   , 70     ,
75   , 75  ,  75   , 75     ,
80   , 80  ,  80   , 80     ,
85   , 86  ,  85   , 86     ,
91   , 92  ,  91   , 92     ,
97   , 98  ,  97   , 98     ,
104  ,  104,  104  ,  104   ,
110  ,  111,  110  ,  111   ,
117  ,  118,  117  ,  118   ,
125  ,  125,  124  ,  125   ,
123  ,  123,  123  ,  123   ,
116  ,  115,  116  ,  115   ,
109  ,  108,  109  ,  108   ,
102  ,  102,  102  ,  102   ,
96   , 96  ,  96   , 96     ,
90   , 90  ,  90   , 90     ,
84   , 84  ,  84   , 84     ,
79   , 78  ,  79   , 78     ,
73   , 73  ,  73   , 73     ,
68   , 68  ,  68   , 68     ,
64   , 63  ,  64   , 63     ,
59   , 59  ,  59   , 59     ,
55   , 54  ,  55   , 54     ,
50   , 50  ,  50   , 50     ,
47   , 46  ,  47   , 46     ,
43   , 43  ,  43   , 43     ,
39   , 39  ,  39   , 39     ,
36   , 36  ,  36   , 36     ,
33   , 33  ,  33   , 32     ,
30   , 30  ,  30   , 29     ,
27   , 27  ,  27   , 27     ,
24   , 24  ,  24   , 24     ,
22   , 22  ,  22   , 21     ,
19   , 19  ,  19   , 19     ,
17   , 17  ,  17   , 17     ,
15   , 15  ,  15   , 15     ,
13   , 13  ,  13   , 13     ,
11   , 11  ,  11   , 11     ,
10   , 10  ,  10   , 10     ,
8    ,8    ,   8   , 8      ,
7    ,7    ,   7   , 7      ,
6    ,6    ,   6   , 6      ,
5    ,5    ,   5   , 5      ,
4    ,4    ,   4   , 4      ,
3    ,3    ,   3   , 3      ,
2    ,2    ,   2   , 2      ,
2    ,2    ,   2   , 2      ,
1    ,1    ,   1   , 1      ,
1    ,1    ,   1   , 1      ,
1    ,1    ,   1   , 1      ,
1    ,1    ,   1   , 1      ,
1    ,1    ,   1   , 1      ,
1    ,1    ,   1   , 1      ,
1    ,1    ,   1   , 1      ,
2    ,2    ,   2   , 2      ,
2    ,2    ,   2   , 2      ,
3    ,3    ,   3   , 3      ,
4    ,4    ,   4   , 4      ,
5    ,5    ,   5   , 5      ,
6    ,6    ,   6   , 6      ,
7    ,7    ,   7   , 7      ,
8    ,8    ,   8   , 8      ,
10   , 10  ,  10   , 10     ,
11   , 11  ,  11   , 11     ,
13   , 13  ,  13   , 13     ,
15   , 15  ,  15   , 15     ,
17   , 17  ,  17   , 17     ,
19   , 19  ,  19   , 19     ,
22   , 22  ,  22   , 22     ,
24   , 24  ,  24   , 24     ,
27   , 27  ,  27   , 27     ,
30   , 30  ,  30   , 30     ,
33   , 33  ,  33   , 33     ,
36   , 36  ,  36   , 36     ,
39   , 39  ,  39   , 39     ,
43   , 43  ,  43   , 43     ,
47   , 47  ,  47   , 47     ,
50   , 51  ,  50   , 51     ,
55   , 55  ,  55   , 55     ,
59   , 59  ,  59   , 59     ,
64   , 64  ,  64   , 64     ,
68   , 69  ,  68   , 69     ,
73   , 74  ,  73   , 74     ,
79   , 79  ,  79   , 79     ,
84   , 84  ,  84   , 84     ,
90   , 90  ,  90   , 90     ,
96   , 96  ,  96   , 96     ,
102  ,  103,  102  ,  103   ,
109  ,  109,  109  ,  109   ,
116  ,  116,  116  ,  116   ,
123  ,  124,  123  ,  123   ,
122  ,  122,  122  ,  122   ,
115  ,  115,  115  ,  115   ,
108  ,  108,  108  ,  108   ,
102  ,  101,  102  ,  101   ,
95   , 95  ,  95   , 95     ,
89   , 89  ,  89   , 89     ,
83   , 83  ,  83   , 83     ,
78   , 78  ,  78   , 78     ,
73   , 72  ,  73   , 72     ,
68   , 67  ,  68   , 67     ,
63   , 63  ,  63   , 63     ,
58   , 58  ,  58   , 58     ,
54   , 54  ,  54   , 54     ,
50   , 50  ,  50   , 50     ,
46   , 46  ,  46   , 46     ,
42   , 42  ,  42   , 42     ,
39   , 38  ,  39   , 38     ,
35   , 35  ,  35   , 35     ,
32   , 32  ,  32   , 32     ,
29   , 29  ,  29   , 29     ,
26   , 26  ,  26   , 26     ,
24   , 23  ,  24   , 23     ,
21   , 21  ,  21   , 21     ,
19   , 19  ,  19   , 19     ,
17   , 16  ,  17   , 16     ,
15   , 14  ,  14   , 14     ,
13   , 12  ,  13   , 12     ,
11   , 11  ,  11   , 11     ,
9    ,9    ,   9   , 9      ,
8    ,8    ,   8   , 8      ,
6    ,6    ,   6   , 6      ,
5    ,5    ,   5   , 5      ,
4    ,4    ,   4   , 4      ,
3    ,3    ,   3   , 3      ,
2    ,2    ,   2   , 2      ,
2    ,2    ,   2   , 2      ,
1    ,1    ,   1   , 1      ,
1    ,1    ,   1   , 1      ,
0    ,0    ,   0   , 0      ,
0    ,0    ,   0   , 0      ,
0    ,0    ,   0   , 0      ,
0    ,0    ,   0   , 0      ,
0    ,0    ,   0   , 0      ,
1    ,1    ,   1   , 1      ,
1    ,1    ,   1   , 1      ,
2    ,2    ,   2   , 2      ,
2    ,2    ,   2   , 2      ,
3    ,3    ,   3   , 3      ,
4    ,4    ,   4   , 4      ,
5    ,5    ,   5   , 5      ,
6    ,6    ,   6   , 6      ,
8    ,8    ,   8   , 8      ,
9    ,9    ,   9   , 9      ,
11   , 11  ,  11   , 11     ,
13   , 13  ,  13   , 13     ,
15   , 15  ,  14   , 15     ,
17   , 17  ,  17   , 17     ,
19   , 19  ,  19   , 19     ,
21   , 21  ,  21   , 21     ,
24   , 24  ,  24   , 24     ,
26   , 26  ,  26   , 26     ,
29   , 29  ,  29   , 29     ,
32   , 32  ,  32   , 32     ,
35   , 36  ,  35   , 36     ,
39   , 39  ,  39   , 39     ,
42   , 42  ,  42   , 42     ,
46   , 46  ,  46   , 46     ,
50   , 50  ,  50   , 50     ,
54   , 54  ,  54   , 54     ,
58   , 59  ,  58   , 59     ,
63   , 63  ,  63   , 63     ,
68   , 68  ,  68   , 68     ,
73   , 73  ,  73   , 73     ,
78   , 78  ,  78   , 78     ,
83   , 84  ,  83   , 84     ,
89   , 90  ,  89   , 90     ,
95   , 96  ,  95   , 96     ,
102  ,  102,  102  ,  102   ,
108  ,  109,  108  ,  109   ,
115  ,  116,  115  ,  116   ,
122  ,  123,  122  ,  123   ,
122  ,  122,  122  ,  122   ,
115  ,  115,  115  ,  115   ,
108  ,  108,  108  ,  108   ,
102  ,  101,  102  ,  101   ,
95   , 95  ,  95   , 95     ,
89   , 89  ,  89   , 89     ,
83   , 83  ,  83   , 83     ,
78   , 78  ,  78   , 78     ,
73   , 72  ,  73   , 72     ,
68   , 67  ,  68   , 67     ,
63   , 63  ,  63   , 63     ,
58   , 58  ,  58   , 58     ,
54   , 54  ,  54   , 54     ,
50   , 50  ,  50   , 50     ,
46   , 46  ,  46   , 46     ,
42   , 42  ,  42   , 42     ,
39   , 38  ,  39   , 38     ,
35   , 35  ,  35   , 35     ,
32   , 32  ,  32   , 32     ,
29   , 29  ,  29   , 29     ,
26   , 26  ,  26   , 26     ,
24   , 23  ,  24   , 23     ,
21   , 21  ,  21   , 21     ,
19   , 19  ,  19   , 19     ,
17   , 16  ,  17   , 16     ,
15   , 14  ,  15   , 14     ,
13   , 12  ,  13   , 12     ,
11   , 11  ,  11   , 11     ,
9    ,9    ,   9   , 9      ,
8    ,8    ,   8   , 8      ,
6    ,6    ,   6   , 6      ,
5    ,5    ,   5   , 5      ,
4    ,4    ,   4   , 4      ,
3    ,3    ,   3   , 3      ,
2    ,2    ,   2   , 2      ,
2    ,2    ,   2   , 2      ,
1    ,1    ,   1   , 1      ,
1    ,1    ,   1   , 1      ,
0    ,0    ,   0   , 0      ,
0    ,0    ,   0   , 0      ,
0    ,0    ,   0   , 0      ,
0    ,0    ,   0   , 0      ,
0    ,0    ,   0   , 0      ,
1    ,1    ,   1   , 1      ,
1    ,1    ,   1   , 1      ,
2    ,2    ,   2   , 2      ,
2    ,2    ,   2   , 2      ,
3    ,3    ,   3   , 3      ,
4    ,4    ,   4   , 4      ,
5    ,5    ,   5   , 5      ,
6    ,6    ,   6   , 6      ,
8    ,8    ,   8   , 8      ,
9    ,9    ,   9   , 9      ,
11   , 11  ,  11   , 11     ,
13   , 13  ,  13   , 13     ,
15   , 15  ,  15   , 15     ,
17   , 17  ,  17   , 17     ,
19   , 19  ,  19   , 19     ,
21   , 21  ,  21   , 21     ,
24   , 24  ,  24   , 24     ,
26   , 26  ,  26   , 26     ,
29   , 29  ,  29   , 29     ,
32   , 32  ,  32   , 32     ,
35   , 36  ,  35   , 36     ,
39   , 39  ,  39   , 39     ,
42   , 42  ,  42   , 42     ,
46   , 46  ,  46   , 46     ,
50   , 50  ,  50   , 50     ,
54   , 54  ,  54   , 54     ,
58   , 59  ,  58   , 59     ,
63   , 63  ,  63   , 63     ,
68   , 68  ,  68   , 68     ,
73   , 73  ,  73   , 73     ,
78   , 78  ,  78   , 78     ,
83   , 84  ,  83   , 84     ,
89   , 90  ,  89   , 90     ,
95   , 96  ,  95   , 96     ,
102  ,  102,  102  ,  102   ,
108  ,  109,  108  ,  109   ,
115  ,  116,  115  ,  116   ,
122  ,  123,  122  ,  123   ,
123  ,  123,  123  ,  123   ,
116  ,  115,  116  ,  115   ,
109  ,  108,  109  ,  109   ,
102  ,  102,  102  ,  102   ,
96   , 96  ,  96   , 96     ,
90   , 90  ,  90   , 90     ,
84   , 84  ,  84   , 84     ,
79   , 78  ,  79   , 78     ,
73   , 73  ,  73   , 73     ,
68   , 68  ,  68   , 68     ,
64   , 63  ,  64   , 63     ,
59   , 59  ,  59   , 59     ,
55   , 54  ,  55   , 54     ,
50   , 50  ,  51   , 50     ,
47   , 46  ,  47   , 46     ,
43   , 43  ,  43   , 43     ,
39   , 39  ,  39   , 39     ,
36   , 36  ,  36   , 36     ,
33   , 33  ,  33   , 33     ,
30   , 30  ,  30   , 30     ,
27   , 27  ,  27   , 27     ,
24   , 24  ,  24   , 24     ,
22   , 22  ,  22   , 22     ,
19   , 19  ,  19   , 19     ,
17   , 17  ,  17   , 17     ,
15   , 15  ,  15   , 15     ,
13   , 13  ,  13   , 13     ,
11   , 11  ,  11   , 11     ,
10   , 10  ,  10   , 10     ,
8    ,8    ,   8   , 8      ,
7    ,7    ,   7   , 7      ,
6    ,6    ,   6   , 6      ,
5    ,5    ,   5   , 5      ,
4    ,4    ,   4   , 4      ,
3    ,3    ,   3   , 3      ,
2    ,2    ,   2   , 2      ,
2    ,2    ,   2   , 2      ,
1    ,1    ,   1   , 1      ,
1    ,1    ,   1   , 1      ,
1    ,1    ,   1   , 1      ,
1    ,1    ,   1   , 1      ,
1    ,1    ,   1   , 1      ,
1    ,1    ,   1   , 1      ,
1    ,1    ,   1   , 1      ,
2    ,2    ,   2   , 2      ,
2    ,2    ,   2   , 2      ,
3    ,3    ,   3   , 3      ,
4    ,4    ,   4   , 4      ,
5    ,5    ,   5   , 5      ,
6    ,6    ,   6   , 6      ,
7    ,7    ,   7   , 7      ,
8    ,8    ,   8   , 8      ,
10   , 10  ,  10   , 10     ,
11   , 11  ,  11   , 11     ,
13   , 13  ,  13   , 13     ,
15   , 15  ,  15   , 15     ,
17   , 17  ,  17   , 17     ,
19   , 19  ,  19   , 19     ,
22   , 22  ,  22   , 22     ,
24   , 24  ,  24   , 24     ,
27   , 27  ,  27   , 27     ,
30   , 30  ,  30   , 30     ,
33   , 33  ,  33   , 33     ,
36   , 36  ,  36   , 36     ,
39   , 39  ,  39   , 39     ,
43   , 43  ,  43   , 43     ,
47   , 47  ,  47   , 47     ,
50   , 51  ,  51   , 51     ,
55   , 55  ,  55   , 55     ,
59   , 59  ,  59   , 59     ,
64   , 64  ,  64   , 64     ,
68   , 69  ,  68   , 69     ,
73   , 74  ,  73   , 74     ,
79   , 79  ,  79   , 79     ,
84   , 84  ,  84   , 85     ,
90   , 90  ,  90   , 90     ,
96   , 96  ,  96   , 96     ,
102  ,  103,  102  ,  103   ,
109  ,  109,  109  ,  109   ,
116  ,  116,  116  ,  116   ,
123  ,  124,  123  ,  124   ,
125  ,  124,  125  ,  124   ,
117  ,  117,  117  ,  117   ,
110  ,  110,  110  ,  110   ,
104  ,  103,  104  ,  103   ,
97   , 97  ,  97   , 97     ,
91   , 91  ,  91   , 91     ,
85   , 85  ,  86   , 85     ,
80   , 80  ,  80   , 80     ,
75   , 74  ,  75   , 74     ,
70   , 69  ,  70   , 69     ,
65   , 64  ,  65   , 65     ,
60   , 60  ,  60   , 60     ,
56   , 56  ,  56   , 56     ,
52   , 51  ,  52   , 51     ,
48   , 47  ,  48   , 48     ,
44   , 44  ,  44   , 44     ,
40   , 40  ,  40   , 40     ,
37   , 37  ,  37   , 37     ,
34   , 34  ,  34   , 34     ,
31   , 31  ,  31   , 31     ,
28   , 28  ,  28   , 28     ,
25   , 25  ,  25   , 25     ,
23   , 23  ,  23   , 23     ,
20   , 20  ,  20   , 20     ,
18   , 18  ,  18   , 18     ,
16   , 16  ,  16   , 16     ,
14   , 14  ,  14   , 14     ,
12   , 12  ,  12   , 12     ,
11   , 11  ,  11   , 11     ,
9    ,9    ,   9   , 9      ,
8    ,8    ,   8   , 8      ,
7    ,7    ,   7   , 7      ,
6    ,6    ,   6   , 6      ,
5    ,5    ,   5   , 5      ,
4    ,4    ,   4   , 4      ,
3    ,3    ,   3   , 3      ,
3    ,3    ,   3   , 3      ,
2    ,2    ,   2   , 2      ,
2    ,2    ,   2   , 2      ,
2    ,2    ,   2   , 2      ,
2    ,2    ,   2   , 2      ,
2    ,2    ,   2   , 2      ,
2    ,2    ,   2   , 2      ,
2    ,2    ,   2   , 2      ,
3    ,3    ,   3   , 3      ,
3    ,3    ,   3   , 3      ,
4    ,4    ,   4   , 4      ,
5    ,5    ,   5   , 5      ,
6    ,6    ,   6   , 6      ,
7    ,7    ,   7   , 7      ,
8    ,8    ,   8   , 8      ,
9    ,9    ,   9   , 9      ,
11   , 11  ,  11   , 11     ,
12   , 13  ,  12   , 13     ,
14   , 14  ,  14   , 14     ,
16   , 16  ,  16   , 16     ,
18   , 18  ,  18   , 18     ,
20   , 21  ,  20   , 21     ,
23   , 23  ,  23   , 23     ,
25   , 25  ,  25   , 25     ,
28   , 28  ,  28   , 28     ,
31   , 31  ,  31   , 31     ,
34   , 34  ,  34   , 34     ,
37   , 37  ,  37   , 37     ,
40   , 41  ,  40   , 41     ,
44   , 44  ,  44   , 44     ,
48   , 48  ,  48   , 48     ,
52   , 52  ,  52   , 52     ,
56   , 56  ,  56   , 56     ,
60   , 60  ,  60   , 61     ,
65   , 65  ,  65   , 65     ,
70   , 70  ,  70   , 70     ,
75   , 75  ,  75   , 75     ,
80   , 80  ,  80   , 80     ,
85   , 86  ,  86   , 86     ,
91   , 92  ,  91   , 92     ,
97   , 98  ,  97   , 98     ,
104  ,  104,  104  ,  104   ,
110  ,  111,  110  ,  111   ,
117  ,  118,  117  ,  118   ,
125  ,  125,  125  ,  125   ,
127  ,  126,  127  ,  126   ,
119  ,  119,  120  ,  119   ,
112  ,  112,  113  ,  112   ,
106  ,  105,  106  ,  105   ,
99   , 99  ,  99   , 99     ,
93   , 93  ,  93   , 93     ,
87   , 87  ,  88   , 87     ,
82   , 82  ,  82   , 82     ,
77   , 76  ,  77   , 76     ,
72   , 71  ,  72   , 71     ,
67   , 66  ,  67   , 66     ,
62   , 62  ,  62   , 62     ,
58   , 57  ,  58   , 57     ,
53   , 53  ,  54   , 53     ,
50   , 49  ,  50   , 49     ,
46   , 46  ,  46   , 46     ,
42   , 42  ,  42   , 42     ,
39   , 39  ,  39   , 39     ,
36   , 35  ,  36   , 35     ,
32   , 32  ,  33   , 32     ,
30   , 29  ,  30   , 30     ,
27   , 27  ,  27   , 27     ,
24   , 24  ,  24   , 24     ,
22   , 22  ,  22   , 22     ,
20   , 20  ,  20   , 20     ,
18   , 18  ,  18   , 18     ,
16   , 16  ,  16   , 16     ,
14   , 14  ,  14   , 14     ,
12   , 12  ,  12   , 12     ,
11   , 11  ,  11   , 11     ,
9    ,9    ,  10   , 9      ,
8    ,8    ,   8   , 8      ,
7    ,7    ,   7   , 7      ,
6    ,6    ,   6   , 6      ,
5    ,5    ,   5   , 5      ,
5    ,5    ,   5   , 5      ,
4    ,4    ,   4   , 4      ,
4    ,4    ,   4   , 4      ,
3    ,3    ,   3   , 3      ,
3    ,3    ,   3   , 3      ,
3    ,3    ,   3   , 3      ,
3    ,3    ,   3   , 3      ,
3    ,3    ,   3   , 3      ,
4    ,4    ,   4   , 4      ,
4    ,4    ,   4   , 4      ,
5    ,5    ,   5   , 5      ,
5    ,5    ,   5   , 5      ,
6    ,6    ,   6   , 6      ,
7    ,7    ,   7   , 7      ,
8    ,8    ,   8   , 8      ,
9    ,10   ,  10   , 10     ,
11   , 11  ,  11   , 11     ,
12   , 12  ,  12   , 12     ,
14   , 14  ,  14   , 14     ,
16   , 16  ,  16   , 16     ,
18   , 18  ,  18   , 18     ,
20   , 20  ,  20   , 20     ,
22   , 22  ,  22   , 22     ,
24   , 25  ,  24   , 25     ,
27   , 27  ,  27   , 27     ,
30   , 30  ,  30   , 30     ,
32   , 33  ,  33   , 33     ,
36   , 36  ,  36   , 36     ,
39   , 39  ,  39   , 39     ,
42   , 42  ,  42   , 42     ,
46   , 46  ,  46   , 46     ,
50   , 50  ,  50   , 50     ,
53   , 54  ,  54   , 54     ,
58   , 58  ,  58   , 58     ,
62   , 62  ,  62   , 62     ,
67   , 67  ,  67   , 67     ,
72   , 72  ,  72   , 72     ,
77   , 77  ,  77   , 77     ,
82   , 82  ,  82   , 82     ,
87   , 88  ,  88   , 88     ,
93   , 94  ,  93   , 94     ,
99   , 100 ,  99   , 100    ,
106  ,  106,  106  ,  106   ,
112  ,  113,  113  ,  113   ,
119  ,  120,  120  ,  120   ,
127  ,  127,  127  ,  127   ,
130  ,  129,  130  ,  129   ,
122  ,  122,  123  ,  122   ,
115  ,  115,  115  ,  115   ,
109  ,  108,  109  ,  108   ,
102  ,  102,  102  ,  102   ,
96   , 96  ,  96   , 96     ,
90   , 90  ,  90   , 90     ,
85   , 84  ,  85   , 84     ,
79   , 79  ,  79   , 79     ,
74   , 74  ,  74   , 74     ,
69   , 69  ,  69   , 69     ,
65   , 64  ,  65   , 64     ,
60   , 60  ,  60   , 60     ,
56   , 56  ,  56   , 56     ,
52   , 52  ,  52   , 52     ,
48   , 48  ,  48   , 48     ,
44   , 44  ,  45   , 44     ,
41   , 41  ,  41   , 41     ,
38   , 38  ,  38   , 38     ,
35   , 35  ,  35   , 35     ,
32   , 32  ,  32   , 32     ,
29   , 29  ,  29   , 29     ,
27   , 26  ,  27   , 26     ,
24   , 24  ,  24   , 24     ,
22   , 22  ,  22   , 22     ,
20   , 20  ,  20   , 20     ,
18   , 18  ,  18   , 18     ,
16   , 16  ,  16   , 16     ,
14   , 14  ,  15   , 14     ,
13   , 13  ,  13   , 13     ,
12   , 11  ,  12   , 12     ,
10   , 10  ,  10   , 10     ,
9    ,9    ,   9   , 9      ,
8    ,8    ,   8   , 8      ,
7    ,7    ,   7   , 7      ,
7    ,7    ,   7   , 7      ,
6    ,6    ,   6   , 6      ,
6    ,6    ,   6   , 6      ,
5    ,5    ,   5   , 5      ,
5    ,5    ,   5   , 5      ,
5    ,5    ,   5   , 5      ,
5    ,5    ,   5   , 5      ,
5    ,5    ,   5   , 5      ,
6    ,6    ,   6   , 6      ,
6    ,6    ,   6   , 6      ,
7    ,7    ,   7   , 7      ,
7    ,7    ,   7   , 8      ,
8    ,8    ,   8   , 8      ,
9    ,9    ,   9   , 9      ,
10   , 10  ,  10   , 10     ,
12   , 12  ,  12   , 12     ,
13   , 13  ,  13   , 13     ,
14   , 15  ,  15   , 15     ,
16   , 16  ,  16   , 16     ,
18   , 18  ,  18   , 18     ,
20   , 20  ,  20   , 20     ,
22   , 22  ,  22   , 22     ,
24   , 24  ,  24   , 24     ,
27   , 27  ,  27   , 27     ,
29   , 29  ,  29   , 29     ,
32   , 32  ,  32   , 32     ,
35   , 35  ,  35   , 35     ,
38   , 38  ,  38   , 38     ,
41   , 41  ,  41   , 41     ,
44   , 45  ,  45   , 45     ,
48   , 48  ,  48   , 48     ,
52   , 52  ,  52   , 52     ,
56   , 56  ,  56   , 56     ,
60   , 60  ,  60   , 60     ,
65   , 65  ,  65   , 65     ,
69   , 70  ,  69   , 70     ,
74   , 74  ,  74   , 74     ,
79   , 80  ,  79   , 80     ,
85   , 85  ,  85   , 85     ,
90   , 91  ,  90   , 91     ,
96   , 96  ,  96   , 97     ,
102  ,  103,  102  ,  103   ,
109  ,  109,  109  ,  109   ,
115  ,  116,  115  ,  116   ,
122  ,  123,  123  ,  123   ,
130  ,  130,  130  ,  130   ,
134  ,  133,  134  ,  133   ,
126  ,  126,  126  ,  126   ,
119  ,  119,  119  ,  119   ,
112  ,  112,  112  ,  112   ,
106  ,  105,  106  ,  105   ,
99   , 99  ,  100  ,  99    ,
94   , 93  ,  94   , 93     ,
88   , 88  ,  88   , 88     ,
82   , 82  ,  83   , 82     ,
77   , 77  ,  77   , 77     ,
72   , 72  ,  73   , 72     ,
68   , 67  ,  68   , 68     ,
63   , 63  ,  63   , 63     ,
59   , 59  ,  59   , 59     ,
55   , 55  ,  55   , 55     ,
51   , 51  ,  51   , 51     ,
47   , 47  ,  48   , 47     ,
44   , 44  ,  44   , 44     ,
41   , 41  ,  41   , 41     ,
38   , 37  ,  38   , 38     ,
35   , 35  ,  35   , 35     ,
32   , 32  ,  32   , 32     ,
29   , 29  ,  29   , 29     ,
27   , 27  ,  27   , 27     ,
25   , 25  ,  25   , 25     ,
23   , 22  ,  23   , 23     ,
21   , 20  ,  21   , 21     ,
19   , 19  ,  19   , 19     ,
17   , 17  ,  17   , 17     ,
16   , 15  ,  16   , 16     ,
14   , 14  ,  14   , 14     ,
13   , 13  ,  13   , 13     ,
12   , 12  ,  12   , 12     ,
11   , 11  ,  11   , 11     ,
10   , 10  ,  10   , 10     ,
9    ,9    ,   9   , 9      ,
9    ,9    ,   9   , 9      ,
8    ,8    ,   8   , 8      ,
8    ,8    ,   8   , 8      ,
8    ,8    ,   8   , 8      ,
8    ,8    ,   8   , 8      ,
8    ,8    ,   8   , 8      ,
8    ,8    ,   8   , 8      ,
8    ,8    ,   8   , 8      ,
9    ,9    ,   9   , 9      ,
9    ,9    ,   9   , 9      ,
10   , 10  ,  10   , 10     ,
11   , 11  ,  11   , 11     ,
12   , 12  ,  12   , 12     ,
13   , 13  ,  13   , 13     ,
14   , 14  ,  14   , 14     ,
16   , 16  ,  16   , 16     ,
17   , 17  ,  17   , 17     ,
19   , 19  ,  19   , 19     ,
21   , 21  ,  21   , 21     ,
23   , 23  ,  23   , 23     ,
25   , 25  ,  25   , 25     ,
27   , 27  ,  27   , 27     ,
29   , 29  ,  29   , 30     ,
32   , 32  ,  32   , 32     ,
35   , 35  ,  35   , 35     ,
38   , 38  ,  38   , 38     ,
41   , 41  ,  41   , 41     ,
44   , 44  ,  44   , 44     ,
47   , 48  ,  48   , 48     ,
51   , 51  ,  51   , 51     ,
55   , 55  ,  55   , 55     ,
59   , 59  ,  59   , 59     ,
63   , 64  ,  63   , 64     ,
68   , 68  ,  68   , 68     ,
72   , 73  ,  73   , 73     ,
77   , 78  ,  77   , 78     ,
82   , 83  ,  83   , 83     ,
88   , 88  ,  88   , 88     ,
94   , 94  ,  94   , 94     ,
99   , 100 ,  100  ,  100   ,
106  ,  106,  106  ,  106   ,
112  ,  113,  112  ,  113   ,
119  ,  119,  119  ,  120   ,
126  ,  127,  126  ,  127   ,
134  ,  134,  134  ,  134   ,
138  ,  138,  138  ,  138   ,
131  ,  130,  131  ,  130   ,
123  ,  123,  124  ,  123   ,
117  ,  116,  117  ,  116   ,
110  ,  110,  110  ,  110   ,
104  ,  103,  104  ,  103   ,
98   , 97  ,  98   , 97     ,
92   , 92  ,  92   , 92     ,
86   , 86  ,  87   , 86     ,
81   , 81  ,  81   , 81     ,
76   , 76  ,  76   , 76     ,
72   , 71  ,  72   , 71     ,
67   , 67  ,  67   , 67     ,
63   , 62  ,  63   , 63     ,
59   , 58  ,  59   , 58     ,
55   , 54  ,  55   , 55     ,
51   , 51  ,  51   , 51     ,
48   , 47  ,  48   , 47     ,
44   , 44  ,  44   , 44     ,
41   , 41  ,  41   , 41     ,
38   , 38  ,  38   , 38     ,
35   , 35  ,  35   , 35     ,
33   , 33  ,  33   , 33     ,
30   , 30  ,  30   , 30     ,
28   , 28  ,  28   , 28     ,
26   , 26  ,  26   , 26     ,
24   , 24  ,  24   , 24     ,
22   , 22  ,  22   , 22     ,
20   , 20  ,  20   , 20     ,
19   , 19  ,  19   , 19     ,
17   , 17  ,  17   , 17     ,
16   , 16  ,  16   , 16     ,
15   , 15  ,  15   , 15     ,
14   , 14  ,  14   , 14     ,
13   , 13  ,  13   , 13     ,
12   , 12  ,  13   , 12     ,
12   , 12  ,  12   , 12     ,
11   , 11  ,  11   , 11     ,
11   , 11  ,  11   , 11     ,
11   , 11  ,  11   , 11     ,
11   , 11  ,  11   , 11     ,
11   , 11  ,  11   , 11     ,
11   , 11  ,  11   , 11     ,
11   , 11  ,  11   , 11     ,
12   , 12  ,  12   , 12     ,
12   , 12  ,  13   , 13     ,
13   , 13  ,  13   , 13     ,
14   , 14  ,  14   , 14     ,
15   , 15  ,  15   , 15     ,
16   , 16  ,  16   , 16     ,
17   , 17  ,  17   , 18     ,
19   , 19  ,  19   , 19     ,
20   , 20  ,  20   , 21     ,
22   , 22  ,  22   , 22     ,
24   , 24  ,  24   , 24     ,
26   , 26  ,  26   , 26     ,
28   , 28  ,  28   , 28     ,
30   , 30  ,  30   , 31     ,
33   , 33  ,  33   , 33     ,
35   , 35  ,  35   , 36     ,
38   , 38  ,  38   , 38     ,
41   , 41  ,  41   , 41     ,
44   , 44  ,  44   , 45     ,
48   , 48  ,  48   , 48     ,
51   , 51  ,  51   , 51     ,
55   , 55  ,  55   , 55     ,
59   , 59  ,  59   , 59     ,
63   , 63  ,  63   , 63     ,
67   , 67  ,  67   , 67     ,
72   , 72  ,  72   , 72     ,
76   , 77  ,  76   , 77     ,
81   , 82  ,  81   , 82     ,
86   , 87  ,  87   , 87     ,
92   , 92  ,  92   , 92     ,
98   , 98  ,  98   , 98     ,
104  ,  104,  104  ,  104   ,
110  ,  110,  110  ,  111   ,
117  ,  117,  117  ,  117   ,
123  ,  124,  124  ,  124   ,
131  ,  131,  131  ,  131   ,
138  ,  139,  138  ,  139   ,
144  ,  143,  144  ,  143   ,
136  ,  135,  136  ,  136   ,
129  ,  128,  129  ,  128   ,
122  ,  121,  122  ,  121   ,
115  ,  115,  115  ,  115   ,
109  ,  108,  109  ,  108   ,
103  ,  102,  103  ,  102   ,
97   , 96  ,  97   , 97     ,
91   , 91  ,  91   , 91     ,
86   , 86  ,  86   , 86     ,
81   , 81  ,  81   , 81     ,
76   , 76  ,  76   , 76     ,
71   , 71  ,  72   , 71     ,
67   , 67  ,  67   , 67     ,
63   , 63  ,  63   , 63     ,
59   , 59  ,  59   , 59     ,
55   , 55  ,  55   , 55     ,
52   , 51  ,  52   , 52     ,
48   , 48  ,  48   , 48     ,
45   , 45  ,  45   , 45     ,
42   , 42  ,  42   , 42     ,
39   , 39  ,  39   , 39     ,
37   , 37  ,  37   , 37     ,
34   , 34  ,  34   , 34     ,
32   , 32  ,  32   , 32     ,
30   , 30  ,  30   , 30     ,
28   , 28  ,  28   , 28     ,
26   , 26  ,  26   , 26     ,
24   , 24  ,  24   , 24     ,
23   , 22  ,  23   , 23     ,
21   , 21  ,  21   , 21     ,
20   , 20  ,  20   , 20     ,
19   , 19  ,  19   , 19     ,
18   , 18  ,  18   , 18     ,
17   , 17  ,  17   , 17     ,
16   , 16  ,  16   , 16     ,
15   , 15  ,  16   , 16     ,
15   , 15  ,  15   , 15     ,
15   , 15  ,  15   , 15     ,
15   , 14  ,  15   , 15     ,
14   , 14  ,  15   , 15     ,
15   , 15  ,  15   , 15     ,
15   , 15  ,  15   , 15     ,
15   , 15  ,  15   , 15     ,
15   , 16  ,  16   , 16     ,
16   , 16  ,  16   , 16     ,
17   , 17  ,  17   , 17     ,
18   , 18  ,  18   , 18     ,
19   , 19  ,  19   , 19     ,
20   , 20  ,  20   , 20     ,
21   , 21  ,  21   , 21     ,
23   , 23  ,  23   , 23     ,
24   , 24  ,  24   , 24     ,
26   , 26  ,  26   , 26     ,
28   , 28  ,  28   , 28     ,
30   , 30  ,  30   , 30     ,
32   , 32  ,  32   , 32     ,
34   , 34  ,  34   , 34     ,
37   , 37  ,  37   , 37     ,
39   , 39  ,  39   , 40     ,
42   , 42  ,  42   , 42     ,
45   , 45  ,  45   , 45     ,
48   , 49  ,  48   , 49     ,
52   , 52  ,  52   , 52     ,
55   , 55  ,  55   , 56     ,
59   , 59  ,  59   , 59     ,
63   , 63  ,  63   , 63     ,
67   , 67  ,  67   , 67     ,
71   , 72  ,  72   , 72     ,
76   , 76  ,  76   , 76     ,
81   , 81  ,  81   , 81     ,
86   , 86  ,  86   , 86     ,
91   , 92  ,  91   , 92     ,
97   , 97  ,  97   , 97     ,
103  ,  103,  103  ,  103   ,
109  ,  109,  109  ,  109   ,
115  ,  115,  115  ,  116   ,
122  ,  122,  122  ,  122   ,
129  ,  129,  129  ,  129   ,
136  ,  136,  136  ,  137   ,
144  ,  144,  144  ,  144   ,
150  ,  149,  150  ,  150   ,
142  ,  142,  142  ,  142   ,
135  ,  134,  135  ,  134   ,
128  ,  127,  128  ,  127   ,
121  ,  120,  121  ,  121   ,
114  ,  114,  115  ,  114   ,
108  ,  108,  108  ,  108   ,
102  ,  102,  102  ,  102   ,
97   , 96  ,  97   , 96     ,
91   , 91  ,  91   , 91     ,
86   , 86  ,  86   , 86     ,
81   , 81  ,  81   , 81     ,
77   , 76  ,  77   , 76     ,
72   , 72  ,  72   , 72     ,
68   , 68  ,  68   , 68     ,
64   , 64  ,  64   , 64     ,
60   , 60  ,  60   , 60     ,
57   , 56  ,  57   , 56     ,
53   , 53  ,  53   , 53     ,
50   , 50  ,  50   , 50     ,
47   , 47  ,  47   , 47     ,
44   , 44  ,  44   , 44     ,
41   , 41  ,  41   , 41     ,
39   , 39  ,  39   , 39     ,
36   , 36  ,  37   , 36     ,
34   , 34  ,  34   , 34     ,
32   , 32  ,  32   , 32     ,
30   , 30  ,  30   , 30     ,
29   , 28  ,  29   , 29     ,
27   , 27  ,  27   , 27     ,
25   , 25  ,  26   , 26     ,
24   , 24  ,  24   , 24     ,
23   , 23  ,  23   , 23     ,
22   , 22  ,  22   , 22     ,
21   , 21  ,  21   , 21     ,
20   , 20  ,  21   , 20     ,
20   , 20  ,  20   , 20     ,
19   , 19  ,  19   , 19     ,
19   , 19  ,  19   , 19     ,
19   , 19  ,  19   , 19     ,
19   , 19  ,  19   , 19     ,
19   , 19  ,  19   , 19     ,
19   , 19  ,  19   , 19     ,
19   , 19  ,  19   , 19     ,
20   , 20  ,  20   , 20     ,
20   , 20  ,  21   , 21     ,
21   , 21  ,  21   , 21     ,
22   , 22  ,  22   , 22     ,
23   , 23  ,  23   , 23     ,
24   , 24  ,  24   , 24     ,
25   , 26  ,  26   , 26     ,
27   , 27  ,  27   , 27     ,
29   , 29  ,  29   , 29     ,
30   , 30  ,  30   , 31     ,
32   , 32  ,  32   , 32     ,
34   , 34  ,  34   , 34     ,
36   , 37  ,  37   , 37     ,
39   , 39  ,  39   , 39     ,
41   , 41  ,  41   , 42     ,
44   , 44  ,  44   , 44     ,
47   , 47  ,  47   , 47     ,
50   , 50  ,  50   , 50     ,
53   , 53  ,  53   , 53     ,
57   , 57  ,  57   , 57     ,
60   , 60  ,  60   , 61     ,
64   , 64  ,  64   , 64     ,
68   , 68  ,  68   , 68     ,
72   , 72  ,  72   , 73     ,
77   , 77  ,  77   , 77     ,
81   , 82  ,  81   , 82     ,
86   , 86  ,  86   , 87     ,
91   , 92  ,  91   , 92     ,
97   , 97  ,  97   , 97     ,
102  ,  103,  102  ,  103   ,
108  ,  109,  108  ,  109   ,
114  ,  115,  115  ,  115   ,
121  ,  121,  121  ,  121   ,
128  ,  128,  128  ,  128   ,
135  ,  135,  135  ,  135   ,
142  ,  143,  142  ,  143   ,
150  ,  150,  150  ,  151   ,
157  ,  157,  157  ,  157   ,
149  ,  149,  149  ,  149   ,
142  ,  141,  142  ,  141   ,
134  ,  134,  135  ,  134   ,
128  ,  127,  128  ,  127   ,
121  ,  121,  121  ,  121   ,
115  ,  114,  115  ,  114   ,
109  ,  108,  109  ,  108   ,
103  ,  103,  103  ,  103   ,
97   , 97  ,  98   , 97     ,
92   , 92  ,  92   , 92     ,
87   , 87  ,  87   , 87     ,
82   , 82  ,  83   , 82     ,
78   , 78  ,  78   , 78     ,
74   , 73  ,  74   , 74     ,
70   , 69  ,  70   , 70     ,
66   , 65  ,  66   , 66     ,
62   , 62  ,  62   , 62     ,
59   , 58  ,  59   , 59     ,
55   , 55  ,  55   , 55     ,
52   , 52  ,  52   , 52     ,
49   , 49  ,  49   , 49     ,
47   , 46  ,  47   , 47     ,
44   , 44  ,  44   , 44     ,
42   , 41  ,  42   , 42     ,
39   , 39  ,  39   , 39     ,
37   , 37  ,  37   , 37     ,
35   , 35  ,  35   , 35     ,
34   , 33  ,  34   , 34     ,
32   , 32  ,  32   , 32     ,
30   , 30  ,  31   , 31     ,
29   , 29  ,  29   , 29     ,
28   , 28  ,  28   , 28     ,
27   , 27  ,  27   , 27     ,
26   , 26  ,  26   , 26     ,
25   , 25  ,  25   , 25     ,
25   , 25  ,  25   , 25     ,
24   , 24  ,  24   , 24     ,
24   , 24  ,  24   , 24     ,
24   , 24  ,  24   , 24     ,
24   , 24  ,  24   , 24     ,
24   , 24  ,  24   , 24     ,
24   , 24  ,  24   , 24     ,
24   , 24  ,  24   , 24     ,
25   , 25  ,  25   , 25     ,
25   , 25  ,  25   , 25     ,
26   , 26  ,  26   , 26     ,
27   , 27  ,  27   , 27     ,
28   , 28  ,  28   , 28     ,
29   , 29  ,  29   , 29     ,
30   , 31  ,  31   , 31     ,
32   , 32  ,  32   , 32     ,
34   , 34  ,  34   , 34     ,
35   , 35  ,  35   , 36     ,
37   , 37  ,  37   , 38     ,
39   , 39  ,  39   , 40     ,
42   , 42  ,  42   , 42     ,
44   , 44  ,  44   , 44     ,
47   , 47  ,  47   , 47     ,
49   , 49  ,  49   , 50     ,
52   , 52  ,  52   , 53     ,
55   , 56  ,  55   , 56     ,
59   , 59  ,  59   , 59     ,
62   , 62  ,  62   , 62     ,
66   , 66  ,  66   , 66     ,
70   , 70  ,  70   , 70     ,
74   , 74  ,  74   , 74     ,
78   , 78  ,  78   , 78     ,
82   , 83  ,  83   , 83     ,
87   , 88  ,  87   , 88     ,
92   , 93  ,  92   , 93     ,
97   , 98  ,  98   , 98     ,
103  ,  103,  103  ,  103   ,
109  ,  109,  109  ,  109   ,
115  ,  115,  115  ,  115   ,
121  ,  121,  121  ,  122   ,
128  ,  128,  128  ,  128   ,
134  ,  135,  135  ,  135   ,
142  ,  142,  142  ,  142   ,
149  ,  150,  149  ,  150   ,
157  ,  158,  157  ,  158   ,
165  ,  165,  166  ,  165   ,
157  ,  157,  157  ,  157   ,
149  ,  149,  150  ,  149   ,
142  ,  142,  142  ,  142   ,
135  ,  135,  135  ,  135   ,
128  ,  128,  129  ,  128   ,
122  ,  122,  122  ,  122   ,
116  ,  115,  116  ,  116   ,
110  ,  110,  110  ,  110   ,
104  ,  104,  105  ,  104   ,
99   , 99  ,  99   , 99     ,
94   , 94  ,  94   , 94     ,
89   , 89  ,  89   , 89     ,
85   , 84  ,  85   , 84     ,
80   , 80  ,  80   , 80     ,
76   , 76  ,  76   , 76     ,
72   , 72  ,  72   , 72     ,
68   , 68  ,  69   , 68     ,
65   , 65  ,  65   , 65     ,
61   , 61  ,  62   , 61     ,
58   , 58  ,  58   , 58     ,
55   , 55  ,  56   , 55     ,
53   , 52  ,  53   , 53     ,
50   , 50  ,  50   , 50     ,
47   , 47  ,  48   , 47     ,
45   , 45  ,  45   , 45     ,
43   , 43  ,  43   , 43     ,
41   , 41  ,  41   , 41     ,
39   , 39  ,  39   , 39     ,
38   , 38  ,  38   , 38     ,
36   , 36  ,  36   , 36     ,
35   , 35  ,  35   , 35     ,
34   , 33  ,  34   , 34     ,
32   , 32  ,  33   , 33     ,
32   , 32  ,  32   , 32     ,
31   , 31  ,  31   , 31     ,
30   , 30  ,  30   , 30     ,
30   , 30  ,  30   , 30     ,
29   , 29  ,  30   , 30     ,
29   , 29  ,  29   , 29     ,
29   , 29  ,  29   , 29     ,
29   , 29  ,  29   , 29     ,
29   , 29  ,  30   , 30     ,
30   , 30  ,  30   , 30     ,
30   , 30  ,  30   , 30     ,
31   , 31  ,  31   , 31     ,
32   , 32  ,  32   , 32     ,
32   , 33  ,  33   , 33     ,
34   , 34  ,  34   , 34     ,
35   , 35  ,  35   , 35     ,
36   , 36  ,  36   , 36     ,
38   , 38  ,  38   , 38     ,
39   , 39  ,  39   , 40     ,
41   , 41  ,  41   , 41     ,
43   , 43  ,  43   , 43     ,
45   , 45  ,  45   , 45     ,
47   , 48  ,  48   , 48     ,
50   , 50  ,  50   , 50     ,
53   , 53  ,  53   , 53     ,
55   , 55  ,  56   , 56     ,
58   , 58  ,  58   , 59     ,
61   , 62  ,  62   , 62     ,
65   , 65  ,  65   , 65     ,
68   , 69  ,  69   , 69     ,
72   , 72  ,  72   , 73     ,
76   , 76  ,  76   , 76     ,
80   , 80  ,  80   , 81     ,
85   , 85  ,  85   , 85     ,
89   , 89  ,  89   , 90     ,
94   , 94  ,  94   , 95     ,
99   , 99  ,  99   , 100    ,
104  ,  105,  105  ,  105   ,
110  ,  110,  110  ,  111   ,
116  ,  116,  116  ,  116   ,
122  ,  122,  122  ,  123   ,
128  ,  129,  129  ,  129   ,
135  ,  136,  135  ,  136   ,
142  ,  143,  142  ,  143   ,
149  ,  150,  150  ,  150   ,
157  ,  158,  157  ,  158   ,
165  ,  166,  166  ,  166   ,
174  ,  174,  175  ,  174   ,
166  ,  166,  166  ,  166   ,
158  ,  158,  159  ,  158   ,
151  ,  150,  151  ,  151   ,
144  ,  143,  144  ,  143   ,
137  ,  136,  137  ,  137   ,
130  ,  130,  130  ,  130   ,
124  ,  124,  124  ,  124   ,
118  ,  118,  118  ,  118   ,
112  ,  112,  112  ,  112   ,
107  ,  106,  107  ,  107   ,
102  ,  101,  102  ,  102   ,
97   , 96  ,  97   , 97     ,
92   , 92  ,  92   , 92     ,
87   , 87  ,  88   , 87     ,
83   , 83  ,  83   , 83     ,
79   , 79  ,  79   , 79     ,
75   , 75  ,  76   , 75     ,
72   , 72  ,  72   , 72     ,
68   , 68  ,  69   , 68     ,
65   , 65  ,  65   , 65     ,
62   , 62  ,  62   , 62     ,
59   , 59  ,  59   , 59     ,
57   , 56  ,  57   , 57     ,
54   , 54  ,  54   , 54     ,
52   , 52  ,  52   , 52     ,
50   , 49  ,  50   , 50     ,
48   , 47  ,  48   , 48     ,
46   , 46  ,  46   , 46     ,
44   , 44  ,  44   , 44     ,
42   , 42  ,  43   , 43     ,
41   , 41  ,  41   , 41     ,
40   , 40  ,  40   , 40     ,
39   , 39  ,  39   , 39     ,
38   , 38  ,  38   , 38     ,
37   , 37  ,  37   , 37     ,
36   , 36  ,  37   , 37     ,
36   , 36  ,  36   , 36     ,
36   , 36  ,  36   , 36     ,
35   , 35  ,  36   , 36     ,
35   , 35  ,  35   , 35     ,
35   , 35  ,  36   , 36     ,
36   , 36  ,  36   , 36     ,
36   , 36  ,  36   , 36     ,
36   , 36  ,  37   , 37     ,
37   , 37  ,  37   , 37     ,
38   , 38  ,  38   , 38     ,
39   , 39  ,  39   , 39     ,
40   , 40  ,  40   , 40     ,
41   , 41  ,  41   , 41     ,
42   , 43  ,  43   , 43     ,
44   , 44  ,  44   , 44     ,
46   , 46  ,  46   , 46     ,
48   , 48  ,  48   , 48     ,
50   , 50  ,  50   , 50     ,
52   , 52  ,  52   , 52     ,
54   , 54  ,  54   , 54     ,
57   , 57  ,  57   , 57     ,
59   , 59  ,  59   , 60     ,
62   , 62  ,  62   , 62     ,
65   , 65  ,  65   , 66     ,
68   , 69  ,  69   , 69     ,
72   , 72  ,  72   , 72     ,
75   , 76  ,  76   , 76     ,
79   , 79  ,  79   , 80     ,
83   , 83  ,  83   , 84     ,
87   , 88  ,  88   , 88     ,
92   , 92  ,  92   , 92     ,
97   , 97  ,  97   , 97     ,
102  ,  102,  102  ,  102   ,
107  ,  107,  107  ,  107   ,
112  ,  113,  112  ,  113   ,
118  ,  118,  118  ,  119   ,
124  ,  124,  124  ,  125   ,
130  ,  131,  130  ,  131   ,
137  ,  137,  137  ,  137   ,
144  ,  144,  144  ,  144   ,
151  ,  151,  151  ,  152   ,
158  ,  159,  159  ,  159   ,
166  ,  167,  166  ,  167   ,
174  ,  175,  175  ,  175   ,
185  ,  184,  185  ,  184   ,
176  ,  176,  177  ,  176   ,
168  ,  168,  168  ,  168   ,
160  ,  160,  161  ,  160   ,
153  ,  153,  153  ,  153   ,
146  ,  146,  146  ,  146   ,
139  ,  139,  140  ,  139   ,
133  ,  133,  133  ,  133   ,
127  ,  126,  127  ,  127   ,
121  ,  121,  121  ,  121   ,
115  ,  115,  116  ,  115   ,
110  ,  110,  110  ,  110   ,
105  ,  105,  105  ,  105   ,
100  ,  100,  100  ,  100   ,
96   , 95  ,  96   , 96     ,
91   , 91  ,  92   , 91     ,
87   , 87  ,  87   , 87     ,
83   , 83  ,  83   , 83     ,
80   , 79  ,  80   , 80     ,
76   , 76  ,  76   , 76     ,
73   , 73  ,  73   , 73     ,
70   , 69  ,  70   , 70     ,
67   , 66  ,  67   , 67     ,
64   , 64  ,  64   , 64     ,
61   , 61  ,  62   , 61     ,
59   , 59  ,  59   , 59     ,
57   , 57  ,  57   , 57     ,
55   , 55  ,  55   , 55     ,
53   , 53  ,  53   , 53     ,
51   , 51  ,  51   , 51     ,
50   , 49  ,  50   , 50     ,
48   , 48  ,  48   , 48     ,
47   , 47  ,  47   , 47     ,
46   , 46  ,  46   , 46     ,
45   , 45  ,  45   , 45     ,
44   , 44  ,  44   , 44     ,
43   , 43  ,  44   , 44     ,
43   , 43  ,  43   , 43     ,
42   , 42  ,  43   , 43     ,
42   , 42  ,  42   , 42     ,
42   , 42  ,  42   , 42     ,
42   , 42  ,  42   , 42     ,
42   , 42  ,  43   , 43     ,
43   , 43  ,  43   , 43     ,
43   , 43  ,  44   , 44     ,
44   , 44  ,  44   , 44     ,
45   , 45  ,  45   , 45     ,
46   , 46  ,  46   , 46     ,
47   , 47  ,  47   , 47     ,
48   , 48  ,  48   , 48     ,
50   , 50  ,  50   , 50     ,
51   , 51  ,  51   , 51     ,
53   , 53  ,  53   , 53     ,
55   , 55  ,  55   , 55     ,
57   , 57  ,  57   , 57     ,
59   , 59  ,  59   , 59     ,
61   , 62  ,  62   , 62     ,
64   , 64  ,  64   , 64     ,
67   , 67  ,  67   , 67     ,
70   , 70  ,  70   , 70     ,
73   , 73  ,  73   , 73     ,
76   , 76  ,  76   , 76     ,
80   , 80  ,  80   , 80     ,
83   , 83  ,  83   , 84     ,
87   , 87  ,  87   , 88     ,
91   , 92  ,  92   , 92     ,
96   , 96  ,  96   , 96     ,
100  ,  100,  100  ,  101   ,
105  ,  105,  105  ,  106   ,
110  ,  110,  110  ,  111   ,
115  ,  116,  116  ,  116   ,
121  ,  121,  121  ,  122   ,
127  ,  127,  127  ,  127   ,
133  ,  133,  133  ,  134   ,
139  ,  140,  140  ,  140   ,
146  ,  146,  146  ,  147   ,
153  ,  154,  153  ,  154   ,
160  ,  161,  161  ,  161   ,
168  ,  169,  168  ,  169   ,
176  ,  177,  177  ,  177   ,
185  ,  185,  185  ,  185
