0    ,
0    ,
0    ,
0    ,
0    ,
0    ,
24   ,
56   ,
88   ,
120  ,
152  ,
184  ,
216  ,
248  ,
280  ,
312  ,
344  ,
376  ,
408  ,
440  ,
472  ,
504  ,
536  ,
568  ,
600  ,
632  ,
664  ,
696  ,
728  ,
760  ,
792  ,
824  ,
856  ,
920  ,
984  ,
1048 ,
1112 ,
1176 ,
1240 ,
1304 ,
1368 ,
1432 ,
1496 ,
1560 ,
1624 ,
1688 ,
1752 ,
1816 ,
1880 ,
1944 ,
2008 ,
2072 ,
2136 ,
2200 ,
2264 ,
2328 ,
2392 ,
2456 ,
2520 ,
2584 ,
2648 ,
2712 ,
2776 ,
2840 ,
2904 ,
2968 ,
3032 ,
3096 ,
3160 ,
3224 ,
3288 ,
3352 ,
3416 ,
3480 ,
3544 ,
3608 ,
3672 ,
3736 ,
3800 ,
3864 ,
3928 ,
4952 ,
5976 ,
7000 ,
8024 ,
9048 ,
10072,
11096,
12120,
13144,
14168,
15192,
16216,
17240,
18264,
19288,
20312,
21336,
22360,
23384,
24408,
25432,
26456,
27480,
28504,
29528,
30552,
31576,
32600,
34647,
36695,
38743,
40791,
42839,
44887,
46935,
48983,
51031,
53079,
55127,
57175,
59223,
61271,
63319,
65367,
65367,
65367,
65367,
65367,
65367,
65367,
65367,
65367,
65367,
65367,
65367,
65367,
65367,
65367,
65367,
65367,
65367,
65367,
65367,
65367,
65367,
65367,
65367,
65367,
65367,
65367,
65367,
65367,
65367,
65367,
65367,
65367,
65367,
65367,
65367,
65367,
65367,
65367,
65367,
65367,
65367,
65367,
65367,
65367,
65367,
65367,
65367,
65367,
65367,
65367,
65367,
65367,
65367,
65367,
65367,
65367,
65367,
65367,
65367,
65367,
65367,
65367,
65367,
65367,
65367,
65367,
65367,
65367,
65367,
65367,
65367,
65367,
65367,
65367,
65367,
65367,
65367,
65367,
65367,
65367,
65367,
65367,
65367,
65367,
65367,
65367,
65367,
65367,
65367,
65367,
65367,
65367,
65367,
65367,
65367,
65367,
65367,
65367,
65367,
65367,
65367,
65367,
65367,
65367,
65367,
65367,
65367,
65367,
65367,
65367,
65367,
65367,
65367,
65367,
65367,
65367,
65367,
65367,
65367,
65367,
65367,
65367,
65367,
65367,
65367,
65367,
65367,
65367,
65367,
65367,
65367,
65367,
65367,
65367,
65367,
65367,
65367,
65367,
65367,
65367,
65367,
65367,
65367,
65367,
65367,
65367,
65367,
65367,
65367,
65367,
65367,
65367,
65367,
65367,
65367,
65367,
65367,
65367,
65367,
65367,
65367,
65367,
65367,
65367,
65367,
65367,
65367,
65367,
65367,
65367,
65367,
65367,
65367,
65367,
65367,
65367,
65367,
65367,
65367,
65367,
65367,
65367,
65367,
65367,
65367,
65367,
65367,
65367,
65367,
65367,
65367,
65367,
65367,
65367,
65367,
65367,
65367,
65367,
65367,
65367,
65367,
65367,
65367,
65367,
65367,
65367,
65367,
65367,
65367,
65367,
65367,
65367,
65367,
65367,
65367,
65367,
65367,
65367,
65367,
65367,
65367,
65367,
65367,
65367,
65367,
65367,
65367,
65367,
65367,
65367,
65367,
65367,
65367,
65367,
65367,
65367,
65367,
65367,
65367,
65367,
65367,
65367,
65367,
65367,
65367,
65367,
65367,
65367,
65367,
65367,
65367,
65367,
65367,
65367,
65367,
65367,
65367,
65367,
65367,
65367,
65367,
65367,
65367,
65367,
65367,
65367,
65367,
65367,
65367,
65367,
65367,
65367,
65367,
65367,
65367,
65367,
65367,
65367,
65367,
65367,
65367,
65367,
65367,
65367,
65367,
65367,
65367,
65367,
65367,
65367,
65367,
65367,
65367,
65367,
65367,
65367,
65367,
65367,
65367,
65367,
65367,
65367,
65367,
65367,
65367,
65367,
65367,
65367,
65367,
65367,
65367,
65367,
65367,
65367,
65367,
65367,
65367,
65367,
65367,
65367,
65367,
65367,
65367,
65367,
65367,
65367,
65367,
65367,
65367,
65367,
65367,
65367,
65367,
65367,
65367,
65367,
65367,
65367,
65367,
65367,
65367,
65367,
65367,
65367,
65367,
65367,
65367,
65367,
65367,
65367,
65367,
65367,
65367,
65367,
65367,
65367,
65367,
65367,
65367,
65367,
65367,
65367,
65367,
65367,
65367,
65367,
65367,
65367,
65367,
65367,
65367,
65367,
65367,
65367,
65367,
65367,
65367,
65367,
65367,
65367,
65367,
65367,
65367,
65367,
65367,
65367,
65367,
65367,
65367,
65367,
65367,
65367,
65367,
65367,
65367,
65367,
65367,
65367,
65367,
65367,
65367,
65367,
65367,
65367,
65367,
65367,
65367,
65367,
65367,
65367,
65367,
65367,
65367,
65367,
65367,
65367,
65367,
65367,
65367,
65367,
65367,
65367,
65367,
65367,
65367,
65367,
65367,
65367,
65367,
65367,
65367,
65367,
65367,
65367,
65367,
65367,
65367,
65367,
65367,
65367,
65367,
65367,
65367,
65367,
65367,
65367,
65367,
65367,
65367,
65367,
65367,
65367,
65367,
65367,
65367,
65367,
65367,
65367,
65367,
65367,
65367,
65367,
65367,
65367,
65367,
65367,
65367,
65367,
65367,
65367,
65367,
65367,
65367,
65367,
65367,
65367,
65367,
65367,
65367,
65367,
65367,
65367,
65367,
65367,
65367,
65367,
65367,
65367,
65367,
65367,
65367,
65367,
65367,
65367,
65367,
65367,
65367,
65367,
65367,
65367,
65367,
65367,
65367,
65367,
65367,
65367,
65367,
65367,
65367,
65367,
65367,
65367,
65367,
65367
