0       ,
0       ,
0       ,
0       ,
0       ,
0       ,
0       ,
0       ,
0       ,
0       ,
0       ,
0       ,
0       ,
0       ,
0       ,
0       ,
0       ,
0       ,
0       ,
0       ,
0       ,
0       ,
0       ,
0       ,
0       ,
0       ,
0       ,
0       ,
0       ,
0       ,
0       ,
0       ,
0       ,
0       ,
0       ,
0       ,
0       ,
0       ,
0       ,
0       ,
0       ,
0       ,
0       ,
0       ,
0       ,
0       ,
0       ,
0       ,
0       ,
0       ,
0       ,
0       ,
0       ,
0       ,
0       ,
0       ,
0       ,
0       ,
0       ,
0       ,
-64     ,
-64     ,
-64     ,
-64     ,
-64     ,
-64     ,
-64     ,
-64     ,
-64     ,
-64     ,
-64     ,
-64     ,
-64     ,
-64     ,
-64     ,
-64     ,
-64     ,
-64     ,
-64     ,
-64     ,
-64     ,
-64     ,
-64     ,
-64     ,
-64     ,
-64     ,
-64     ,
-64     ,
-64     ,
-64     ,
-64     ,
-64     ,
-64     ,
-64     ,
-64     ,
-64     ,
-64     ,
-64     ,
-64     ,
-64     ,
-64     ,
-64     ,
-64     ,
-64     ,
-64     ,
-64     ,
-64     ,
-64     ,
-128    ,
-128    ,
-128    ,
-128    ,
-128    ,
-128    ,
-128    ,
-128    ,
-128    ,
-128    ,
-128    ,
-128    ,
-128    ,
-128    ,
-128    ,
-128    ,
-128    ,
-128    ,
-128    ,
-128    ,
-128    ,
-128    ,
-128    ,
-128    ,
-128    ,
-128    ,
-128    ,
-128    ,
-128    ,
-128    ,
-128    ,
-128    ,
-192    ,
-192    ,
-192    ,
-192    ,
-192    ,
-192    ,
-192    ,
-192    ,
-192    ,
-192    ,
-192    ,
-192    ,
-192    ,
-192    ,
-192    ,
-192    ,
-192    ,
-192    ,
-192    ,
-192    ,
-192    ,
-192    ,
-192    ,
-192    ,
-256    ,
-256    ,
-256    ,
-256    ,
-256    ,
-256    ,
-256    ,
-256    ,
-256    ,
-256    ,
-256    ,
-256    ,
-256    ,
-256    ,
-256    ,
-256    ,
-256    ,
-256    ,
-256    ,
-256    ,
-256    ,
-256    ,
-256    ,
-256    ,
-320    ,
-320    ,
-320    ,
-320    ,
-320    ,
-320    ,
-320    ,
-320    ,
-320    ,
-320    ,
-320    ,
-320    ,
-320    ,
-320    ,
-320    ,
-320    ,
-320    ,
-320    ,
-320    ,
-320    ,
-320    ,
-320    ,
-320    ,
-320    ,
-384    ,
-384    ,
-384    ,
-384    ,
-384    ,
-384    ,
-384    ,
-384    ,
-384    ,
-384    ,
-384    ,
-384    ,
-384    ,
-384    ,
-384    ,
-384    ,
-384    ,
-384    ,
-384    ,
-384    ,
-448    ,
-448    ,
-448    ,
-448    ,
-448    ,
-448    ,
-448    ,
-448    ,
-448    ,
-448    ,
-448    ,
-448    ,
-448    ,
-448    ,
-448    ,
-448    ,
-448    ,
-448    ,
-448    ,
-448    ,
-512    ,
-512    ,
-512    ,
-512    ,
-512    ,
-512    ,
-512    ,
-512    ,
-512    ,
-512    ,
-512    ,
-512    ,
-512    ,
-512    ,
-512    ,
-512    ,
-576    ,
-576    ,
-576    ,
-576    ,
-576    ,
-576    ,
-576    ,
-576    ,
-576    ,
-576    ,
-576    ,
-576    ,
-576    ,
-576    ,
-576    ,
-576    ,
-640    ,
-640    ,
-640    ,
-640    ,
-640    ,
-640    ,
-640    ,
-640    ,
-640    ,
-640    ,
-640    ,
-640    ,
-640    ,
-640    ,
-640    ,
-640    ,
-640    ,
-640    ,
-640    ,
-640    ,
-704    ,
-704    ,
-704    ,
-704    ,
-704    ,
-704    ,
-704    ,
-704    ,
-704    ,
-704    ,
-704    ,
-704    ,
-704    ,
-704    ,
-704    ,
-704    ,
-768    ,
-768    ,
-768    ,
-768    ,
-768    ,
-768    ,
-768    ,
-768    ,
-768    ,
-768    ,
-768    ,
-768    ,
-768    ,
-768    ,
-768    ,
-768    ,
-832    ,
-832    ,
-832    ,
-832    ,
-832    ,
-832    ,
-832    ,
-832    ,
-832    ,
-832    ,
-832    ,
-832    ,
-832    ,
-832    ,
-832    ,
-832    ,
-896    ,
-896    ,
-896    ,
-896    ,
-896    ,
-896    ,
-896    ,
-896    ,
-896    ,
-896    ,
-896    ,
-896    ,
-960    ,
-960    ,
-960    ,
-960    ,
-960    ,
-960    ,
-960    ,
-960    ,
-960    ,
-960    ,
-960    ,
-960    ,
-960    ,
-960    ,
-960    ,
-960    ,
-1024   ,
-1024   ,
-1024   ,
-1024   ,
-1024   ,
-1024   ,
-1024   ,
-1024   ,
-1024   ,
-1024   ,
-1024   ,
-1024   ,
-1024   ,
-1024   ,
-1024   ,
-1024   ,
-1088   ,
-1088   ,
-1088   ,
-1088   ,
-1088   ,
-1088   ,
-1088   ,
-1088   ,
-1088   ,
-1088   ,
-1088   ,
-1088   ,
-1088   ,
-1088   ,
-1088   ,
-1088   ,
-1152   ,
-1152   ,
-1152   ,
-1152   ,
-1152   ,
-1152   ,
-1152   ,
-1152   ,
-1152   ,
-1152   ,
-1152   ,
-1152   ,
-1216   ,
-1216   ,
-1216   ,
-1216   ,
-1216   ,
-1216   ,
-1216   ,
-1216   ,
-1216   ,
-1216   ,
-1216   ,
-1216   ,
-1216   ,
-1216   ,
-1216   ,
-1216   ,
-1280   ,
-1280   ,
-1280   ,
-1280   ,
-1280   ,
-1280   ,
-1280   ,
-1280   ,
-1280   ,
-1280   ,
-1280   ,
-1280   ,
-1280   ,
-1280   ,
-1280   ,
-1280   ,
-1344   ,
-1344   ,
-1344   ,
-1344   ,
-1344   ,
-1344   ,
-1344   ,
-1344   ,
-1344   ,
-1344   ,
-1344   ,
-1344   ,
-1344   ,
-1344   ,
-1344   ,
-1344   ,
-1408   ,
-1408   ,
-1408   ,
-1408   ,
-1408   ,
-1408   ,
-1408   ,
-1408   ,
-1408   ,
-1408   ,
-1408   ,
-1408   ,
-1472   ,
-1472   ,
-1472   ,
-1472   ,
-1472   ,
-1472   ,
-1472   ,
-1472   ,
-1472   ,
-1472   ,
-1472   ,
-1472   ,
-1472   ,
-1472   ,
-1472   ,
-1472   ,
-1536   ,
-1536   ,
-1536   ,
-1536   ,
-1536   ,
-1536   ,
-1536   ,
-1536   ,
-1536   ,
-1536   ,
-1536   ,
-1536   ,
-1536   ,
-1536   ,
-1536   ,
-1536   ,
-1600   ,
-1600   ,
-1600   ,
-1600   ,
-1600   ,
-1600   ,
-1600   ,
-1600   ,
-1600   ,
-1600   ,
-1600   ,
-1600   ,
-1600   ,
-1600   ,
-1600   ,
-1600   ,
-1664   ,
-1664   ,
-1664   ,
-1664   ,
-1664   ,
-1664   ,
-1664   ,
-1664   ,
-1664   ,
-1664   ,
-1664   ,
-1664   ,
-1664   ,
-1664   ,
-1664   ,
-1664   ,
-1728   ,
-1728   ,
-1728   ,
-1728   ,
-1728   ,
-1728   ,
-1728   ,
-1728   ,
-1728   ,
-1728   ,
-1728   ,
-1728   ,
-1728   ,
-1728   ,
-1728   ,
-1728   ,
-1792   ,
-1792   ,
-1792   ,
-1792   ,
-1792   ,
-1792   ,
-1792   ,
-1792   ,
-1792   ,
-1792   ,
-1792   ,
-1792   ,
-1792   ,
-1792   ,
-1792   ,
-1792   ,
-1856   ,
-1856   ,
-1856   ,
-1856   ,
-1856   ,
-1856   ,
-1856   ,
-1856   ,
-1856   ,
-1856   ,
-1856   ,
-1856   ,
-1856   ,
-1856   ,
-1856   ,
-1856   ,
-1920   ,
-1920   ,
-1920   ,
-1920   ,
-1920   ,
-1920   ,
-1920   ,
-1920   ,
-1920   ,
-1920   ,
-1920   ,
-1920   ,
-1920   ,
-1920   ,
-1920   ,
-1920   ,
-1984   ,
-1984   ,
-1984   ,
-1984   ,
-1984   ,
-1984   ,
-1984   ,
-1984   ,
-1984   ,
-1984   ,
-1984   ,
-1984   ,
-1984   ,
-1984   ,
-1984   ,
-1984   ,
-1984   ,
-1984   ,
-1984   ,
-1984   ,
-2048   ,
-2048   ,
-2048   ,
-2048   ,
-2048   ,
-2048   ,
-2048   ,
-2048   ,
-2048   ,
-2048   ,
-2048   ,
-2048   ,
-2048   ,
-2048   ,
-2048   ,
-2048   ,
-2112   ,
-2112   ,
-2112   ,
-2112   ,
-2112   ,
-2112   ,
-2112   ,
-2112   ,
-2112   ,
-2112   ,
-2112   ,
-2112   ,
-2112   ,
-2112   ,
-2112   ,
-2112   ,
-2112   ,
-2112   ,
-2112   ,
-2112   ,
-2176   ,
-2176   ,
-2176   ,
-2176   ,
-2176   ,
-2176   ,
-2176   ,
-2176   ,
-2176   ,
-2176   ,
-2176   ,
-2176   ,
-2176   ,
-2176   ,
-2176   ,
-2176   ,
-2176   ,
-2176   ,
-2176   ,
-2176   ,
-2240   ,
-2240   ,
-2240   ,
-2240   ,
-2240   ,
-2240   ,
-2240   ,
-2240   ,
-2240   ,
-2240   ,
-2240   ,
-2240   ,
-2240   ,
-2240   ,
-2240   ,
-2240   ,
-2240   ,
-2240   ,
-2240   ,
-2240   ,
-2240   ,
-2240   ,
-2240   ,
-2240   ,
-2304   ,
-2304   ,
-2304   ,
-2304   ,
-2304   ,
-2304   ,
-2304   ,
-2304   ,
-2304   ,
-2304   ,
-2304   ,
-2304   ,
-2304   ,
-2304   ,
-2304   ,
-2304   ,
-2304   ,
-2304   ,
-2304   ,
-2304   ,
-2304   ,
-2304   ,
-2304   ,
-2304   ,
-2368   ,
-2368   ,
-2368   ,
-2368   ,
-2368   ,
-2368   ,
-2368   ,
-2368   ,
-2368   ,
-2368   ,
-2368   ,
-2368   ,
-2368   ,
-2368   ,
-2368   ,
-2368   ,
-2368   ,
-2368   ,
-2368   ,
-2368   ,
-2368   ,
-2368   ,
-2368   ,
-2368   ,
-2432   ,
-2432   ,
-2432   ,
-2432   ,
-2432   ,
-2432   ,
-2432   ,
-2432   ,
-2432   ,
-2432   ,
-2432   ,
-2432   ,
-2432   ,
-2432   ,
-2432   ,
-2432   ,
-2432   ,
-2432   ,
-2432   ,
-2432   ,
-2432   ,
-2432   ,
-2432   ,
-2432   ,
-2432   ,
-2432   ,
-2432   ,
-2432   ,
-2432   ,
-2432   ,
-2432   ,
-2432   ,
-2496   ,
-2496   ,
-2496   ,
-2496   ,
-2496   ,
-2496   ,
-2496   ,
-2496   ,
-2496   ,
-2496   ,
-2496   ,
-2496   ,
-2496   ,
-2496   ,
-2496   ,
-2496   ,
-2496   ,
-2496   ,
-2496   ,
-2496   ,
-2496   ,
-2496   ,
-2496   ,
-2496   ,
-2496   ,
-2496   ,
-2496   ,
-2496   ,
-2496   ,
-2496   ,
-2496   ,
-2496   ,
-2560   ,
-2560   ,
-2560   ,
-2560   ,
-2560   ,
-2560   ,
-2560   ,
-2560   ,
-2560   ,
-2560   ,
-2560   ,
-2560   ,
-2560   ,
-2560   ,
-2560   ,
-2560   ,
-2560   ,
-2560   ,
-2560   ,
-2560   ,
-2560   ,
-2560   ,
-2560   ,
-2560   ,
-2560   ,
-2560   ,
-2560   ,
-2560   ,
-2560   ,
-2560   ,
-2560   ,
-2560   ,
-2560   ,
-2560   ,
-2560   ,
-2560   ,
-2560   ,
-2560   ,
-2560   ,
-2560   ,
-2560   ,
-2560   ,
-2560   ,
-2560   ,
-2560   ,
-2560   ,
-2560   ,
-2560   ,
-2624   ,
-2624   ,
-2624   ,
-2624   ,
-2624   ,
-2624   ,
-2624   ,
-2624   ,
-2624   ,
-2624   ,
-2624   ,
-2624   ,
-2624   ,
-2624   ,
-2624   ,
-2624   ,
-2624   ,
-2624   ,
-2624   ,
-2624   ,
-2624   ,
-2624   ,
-2624   ,
-2624   ,
-2624   ,
-2624   ,
-2624   ,
-2624   ,
-2624   ,
-2624   ,
-2624   ,
-2624   ,
-2624   ,
-2624   ,
-2624   ,
-2624   ,
-2624   ,
-2624   ,
-2624   ,
-2624   ,
-2624   ,
-2624   ,
-2624   ,
-2624   ,
-2624   ,
-2624   ,
-2624   ,
-2624   ,
-2624   ,
-2624   ,
-2624   ,
-2624   ,
-2624   ,
-2624   ,
-2624   ,
-2624   ,
-2624   ,
-2624   ,
-2624   ,
-2624   ,
-2624   ,
-2624   ,
-2624   ,
-2624   ,
-2624   ,
-2624   ,
-2624   ,
-2624   ,
-2624   ,
-2624   ,
-2624   ,
-2624   ,
-2624   ,
-2624   ,
-2624   ,
-2624   ,
-2624   ,
-2624   ,
-2624   ,
-2624   ,
-2624   ,
-2624   ,
-2624   ,
-2624   ,
-2624   ,
-2624   ,
-2624   ,
-2624   ,
-2624   ,
-2624   ,
-2624   ,
-2624   ,
-2624   ,
-2624   ,
-2624   ,
-2624   ,
-2624   ,
-2624   ,
-2624   ,
-2624   ,
-2624   ,
-2624   ,
-2624   ,
-2624   ,
-2624   ,
-2624   ,
-2624   ,
-2624   ,
-2624   ,
-2624   ,
-2624   ,
-2624   ,
-2624   ,
-2624   ,
-2624   ,
-2624   ,
-2624   ,
-2624   ,
-2624   ,
-2624   ,
-2624   ,
-2624   ,
-2624   ,
-2624   ,
-2624   ,
-2624   ,
-2624   ,
-2624   ,
-2624   ,
-2624   ,
-2624   ,
-2624   ,
-2624   ,
-2624   ,
-2624   ,
-2624   ,
-2624   ,
-2624   ,
-2624   ,
-2624   ,
-2624   ,
-2624   ,
-2624   ,
-2624   ,
-2624   ,
-2624   ,
-2624   ,
-2624   ,
-2624   ,
-2624   ,
-2624   ,
-2624   ,
-2624   ,
-2624   ,
-2624   ,
-2624   ,
-2624   ,
-2624   ,
-2624   ,
-2624   ,
-2624   ,
-2624   ,
-2624   ,
-2624   ,
-2624   ,
-2624   ,
-2624   ,
-2624   ,
-2624   ,
-2624   ,
-2624   ,
-2624   ,
-2624   ,
-2624   ,
-2624   ,
-2624   ,
-2560   ,
-2560   ,
-2560   ,
-2560   ,
-2560   ,
-2560   ,
-2560   ,
-2560   ,
-2560   ,
-2560   ,
-2560   ,
-2560   ,
-2560   ,
-2560   ,
-2560   ,
-2560   ,
-2560   ,
-2560   ,
-2560   ,
-2560   ,
-2560   ,
-2560   ,
-2560   ,
-2560   ,
-2560   ,
-2560   ,
-2560   ,
-2560   ,
-2560   ,
-2560   ,
-2560   ,
-2560   ,
-2560   ,
-2560   ,
-2560   ,
-2560   ,
-2560   ,
-2560   ,
-2560   ,
-2560   ,
-2560   ,
-2560   ,
-2560   ,
-2560   ,
-2560   ,
-2560   ,
-2560   ,
-2560   ,
-2496   ,
-2496   ,
-2496   ,
-2496   ,
-2496   ,
-2496   ,
-2496   ,
-2496   ,
-2496   ,
-2496   ,
-2496   ,
-2496   ,
-2496   ,
-2496   ,
-2496   ,
-2496   ,
-2496   ,
-2496   ,
-2496   ,
-2496   ,
-2496   ,
-2496   ,
-2496   ,
-2496   ,
-2496   ,
-2496   ,
-2496   ,
-2496   ,
-2496   ,
-2496   ,
-2496   ,
-2496   ,
-2496   ,
-2496   ,
-2496   ,
-2496   ,
-2432   ,
-2432   ,
-2432   ,
-2432   ,
-2432   ,
-2432   ,
-2432   ,
-2432   ,
-2432   ,
-2432   ,
-2432   ,
-2432   ,
-2432   ,
-2432   ,
-2432   ,
-2432   ,
-2432   ,
-2432   ,
-2432   ,
-2432   ,
-2432   ,
-2432   ,
-2432   ,
-2432   ,
-2432   ,
-2432   ,
-2432   ,
-2432   ,
-2432   ,
-2432   ,
-2432   ,
-2432   ,
-2368   ,
-2368   ,
-2368   ,
-2368   ,
-2368   ,
-2368   ,
-2368   ,
-2368   ,
-2368   ,
-2368   ,
-2368   ,
-2368   ,
-2368   ,
-2368   ,
-2368   ,
-2368   ,
-2368   ,
-2368   ,
-2368   ,
-2368   ,
-2368   ,
-2368   ,
-2368   ,
-2368   ,
-2368   ,
-2368   ,
-2368   ,
-2368   ,
-2304   ,
-2304   ,
-2304   ,
-2304   ,
-2304   ,
-2304   ,
-2304   ,
-2304   ,
-2304   ,
-2304   ,
-2304   ,
-2304   ,
-2304   ,
-2304   ,
-2304   ,
-2304   ,
-2304   ,
-2304   ,
-2304   ,
-2304   ,
-2304   ,
-2304   ,
-2304   ,
-2304   ,
-2240   ,
-2240   ,
-2240   ,
-2240   ,
-2240   ,
-2240   ,
-2240   ,
-2240   ,
-2240   ,
-2240   ,
-2240   ,
-2240   ,
-2240   ,
-2240   ,
-2240   ,
-2240   ,
-2240   ,
-2240   ,
-2240   ,
-2240   ,
-2240   ,
-2240   ,
-2240   ,
-2240   ,
-2176   ,
-2176   ,
-2176   ,
-2176   ,
-2176   ,
-2176   ,
-2176   ,
-2176   ,
-2176   ,
-2176   ,
-2176   ,
-2176   ,
-2176   ,
-2176   ,
-2176   ,
-2176   ,
-2176   ,
-2176   ,
-2176   ,
-2176   ,
-2112   ,
-2112   ,
-2112   ,
-2112   ,
-2112   ,
-2112   ,
-2112   ,
-2112   ,
-2112   ,
-2112   ,
-2112   ,
-2112   ,
-2112   ,
-2112   ,
-2112   ,
-2112   ,
-2112   ,
-2112   ,
-2112   ,
-2112   ,
-2112   ,
-2112   ,
-2112   ,
-2112   ,
-2048   ,
-2048   ,
-2048   ,
-2048   ,
-2048   ,
-2048   ,
-2048   ,
-2048   ,
-2048   ,
-2048   ,
-2048   ,
-2048   ,
-2048   ,
-2048   ,
-2048   ,
-2048   ,
-2048   ,
-2048   ,
-2048   ,
-2048   ,
-2048   ,
-2048   ,
-2048   ,
-2048   ,
-1984   ,
-1984   ,
-1984   ,
-1984   ,
-1984   ,
-1984   ,
-1984   ,
-1984   ,
-1984   ,
-1984   ,
-1984   ,
-1984   ,
-1984   ,
-1984   ,
-1984   ,
-1984   ,
-1984   ,
-1984   ,
-1984   ,
-1984   ,
-1920   ,
-1920   ,
-1920   ,
-1920   ,
-1920   ,
-1920   ,
-1920   ,
-1920   ,
-1920   ,
-1920   ,
-1920   ,
-1920   ,
-1920   ,
-1920   ,
-1920   ,
-1920   ,
-1920   ,
-1920   ,
-1920   ,
-1920   ,
-1920   ,
-1920   ,
-1920   ,
-1920   ,
-1856   ,
-1856   ,
-1856   ,
-1856   ,
-1856   ,
-1856   ,
-1856   ,
-1856   ,
-1856   ,
-1856   ,
-1856   ,
-1856   ,
-1856   ,
-1856   ,
-1856   ,
-1856   ,
-1856   ,
-1856   ,
-1856   ,
-1856   ,
-1792   ,
-1792   ,
-1792   ,
-1792   ,
-1792   ,
-1792   ,
-1792   ,
-1792   ,
-1792   ,
-1792   ,
-1792   ,
-1792   ,
-1792   ,
-1792   ,
-1792   ,
-1792   ,
-1792   ,
-1792   ,
-1792   ,
-1792   ,
-1792   ,
-1792   ,
-1792   ,
-1792   ,
-1728   ,
-1728   ,
-1728   ,
-1728   ,
-1728   ,
-1728   ,
-1728   ,
-1728   ,
-1728   ,
-1728   ,
-1728   ,
-1728   ,
-1728   ,
-1728   ,
-1728   ,
-1728   ,
-1728   ,
-1728   ,
-1728   ,
-1728   ,
-1664   ,
-1664   ,
-1664   ,
-1664   ,
-1664   ,
-1664   ,
-1664   ,
-1664   ,
-1664   ,
-1664   ,
-1664   ,
-1664   ,
-1664   ,
-1664   ,
-1664   ,
-1664   ,
-1664   ,
-1664   ,
-1664   ,
-1664   ,
-1664   ,
-1664   ,
-1664   ,
-1664   ,
-1600   ,
-1600   ,
-1600   ,
-1600   ,
-1600   ,
-1600   ,
-1600   ,
-1600   ,
-1600   ,
-1600   ,
-1600   ,
-1600   ,
-1600   ,
-1600   ,
-1600   ,
-1600   ,
-1600   ,
-1600   ,
-1600   ,
-1600   ,
-1536   ,
-1536   ,
-1536   ,
-1536   ,
-1536   ,
-1536   ,
-1536   ,
-1536   ,
-1536   ,
-1536   ,
-1536   ,
-1536   ,
-1536   ,
-1536   ,
-1536   ,
-1536   ,
-1536   ,
-1536   ,
-1536   ,
-1536   ,
-1536   ,
-1536   ,
-1536   ,
-1536   ,
-1472   ,
-1472   ,
-1472   ,
-1472   ,
-1472   ,
-1472   ,
-1472   ,
-1472   ,
-1472   ,
-1472   ,
-1472   ,
-1472   ,
-1472   ,
-1472   ,
-1472   ,
-1472   ,
-1472   ,
-1472   ,
-1472   ,
-1472   ,
-1472   ,
-1472   ,
-1472   ,
-1472   ,
-1408   ,
-1408   ,
-1408   ,
-1408   ,
-1408   ,
-1408   ,
-1408   ,
-1408   ,
-1408   ,
-1408   ,
-1408   ,
-1408   ,
-1408   ,
-1408   ,
-1408   ,
-1408   ,
-1408   ,
-1408   ,
-1408   ,
-1408   ,
-1344   ,
-1344   ,
-1344   ,
-1344   ,
-1344   ,
-1344   ,
-1344   ,
-1344   ,
-1344   ,
-1344   ,
-1344   ,
-1344   ,
-1344   ,
-1344   ,
-1344   ,
-1344   ,
-1344   ,
-1344   ,
-1344   ,
-1344   ,
-1344   ,
-1344   ,
-1344   ,
-1344   ,
-1280   ,
-1280   ,
-1280   ,
-1280   ,
-1280   ,
-1280   ,
-1280   ,
-1280   ,
-1280   ,
-1280   ,
-1280   ,
-1280   ,
-1280   ,
-1280   ,
-1280   ,
-1280   ,
-1280   ,
-1280   ,
-1280   ,
-1280   ,
-1216   ,
-1216   ,
-1216   ,
-1216   ,
-1216   ,
-1216   ,
-1216   ,
-1216   ,
-1216   ,
-1216   ,
-1216   ,
-1216   ,
-1216   ,
-1216   ,
-1216   ,
-1216   ,
-1216   ,
-1216   ,
-1216   ,
-1216   ,
-1216   ,
-1216   ,
-1216   ,
-1216   ,
-1152   ,
-1152   ,
-1152   ,
-1152   ,
-1152   ,
-1152   ,
-1152   ,
-1152   ,
-1152   ,
-1152   ,
-1152   ,
-1152   ,
-1152   ,
-1152   ,
-1152   ,
-1152   ,
-1152   ,
-1152   ,
-1152   ,
-1152   ,
-1088   ,
-1088   ,
-1088   ,
-1088   ,
-1088   ,
-1088   ,
-1088   ,
-1088   ,
-1088   ,
-1088   ,
-1088   ,
-1088   ,
-1088   ,
-1088   ,
-1088   ,
-1088   ,
-1088   ,
-1088   ,
-1088   ,
-1088   ,
-1088   ,
-1088   ,
-1088   ,
-1088   ,
-1024   ,
-1024   ,
-1024   ,
-1024   ,
-1024   ,
-1024   ,
-1024   ,
-1024   ,
-1024   ,
-1024   ,
-1024   ,
-1024   ,
-1024   ,
-1024   ,
-1024   ,
-1024   ,
-1024   ,
-1024   ,
-1024   ,
-1024   ,
-960    ,
-960    ,
-960    ,
-960    ,
-960    ,
-960    ,
-960    ,
-960    ,
-960    ,
-960    ,
-960    ,
-960    ,
-960    ,
-960    ,
-960    ,
-960    ,
-960    ,
-960    ,
-960    ,
-960    ,
-960    ,
-960    ,
-960    ,
-960    ,
-896    ,
-896    ,
-896    ,
-896    ,
-896    ,
-896    ,
-896    ,
-896    ,
-896    ,
-896    ,
-896    ,
-896    ,
-896    ,
-896    ,
-896    ,
-896    ,
-896    ,
-896    ,
-896    ,
-896    ,
-896    ,
-896    ,
-896    ,
-896    ,
-832    ,
-832    ,
-832    ,
-832    ,
-832    ,
-832    ,
-832    ,
-832    ,
-832    ,
-832    ,
-832    ,
-832    ,
-832    ,
-832    ,
-832    ,
-832    ,
-832    ,
-832    ,
-832    ,
-832    ,
-768    ,
-768    ,
-768    ,
-768    ,
-768    ,
-768    ,
-768    ,
-768    ,
-768    ,
-768    ,
-768    ,
-768    ,
-768    ,
-768    ,
-768    ,
-768    ,
-768    ,
-768    ,
-768    ,
-768    ,
-768    ,
-768    ,
-768    ,
-768    ,
-704    ,
-704    ,
-704    ,
-704    ,
-704    ,
-704    ,
-704    ,
-704    ,
-704    ,
-704    ,
-704    ,
-704    ,
-704    ,
-704    ,
-704    ,
-704    ,
-704    ,
-704    ,
-704    ,
-704    ,
-640    ,
-640    ,
-640    ,
-640    ,
-640    ,
-640    ,
-640    ,
-640    ,
-640    ,
-640    ,
-640    ,
-640    ,
-640    ,
-640    ,
-640    ,
-640    ,
-640    ,
-640    ,
-640    ,
-640    ,
-640    ,
-640    ,
-640    ,
-640    ,
-576    ,
-576    ,
-576    ,
-576    ,
-576    ,
-576    ,
-576    ,
-576    ,
-576    ,
-576    ,
-576    ,
-576    ,
-576    ,
-576    ,
-576    ,
-576    ,
-576    ,
-576    ,
-576    ,
-576    ,
-512    ,
-512    ,
-512    ,
-512    ,
-512    ,
-512    ,
-512    ,
-512    ,
-512    ,
-512    ,
-512    ,
-512    ,
-512    ,
-512    ,
-512    ,
-512    ,
-512    ,
-512    ,
-512    ,
-512    ,
-512    ,
-512    ,
-512    ,
-512    ,
-448    ,
-448    ,
-448    ,
-448    ,
-448    ,
-448    ,
-448    ,
-448    ,
-448    ,
-448    ,
-448    ,
-448    ,
-448    ,
-448    ,
-448    ,
-448    ,
-448    ,
-448    ,
-448    ,
-448    ,
-384    ,
-384    ,
-384    ,
-384    ,
-384    ,
-384    ,
-384    ,
-384    ,
-384    ,
-384    ,
-384    ,
-384    ,
-384    ,
-384    ,
-384    ,
-384    ,
-384    ,
-384    ,
-384    ,
-384    ,
-384    ,
-384    ,
-384    ,
-384    ,
-320    ,
-320    ,
-320    ,
-320    ,
-320    ,
-320    ,
-320    ,
-320    ,
-320    ,
-320    ,
-320    ,
-320    ,
-320    ,
-320    ,
-320    ,
-320    ,
-320    ,
-320    ,
-320    ,
-320    ,
-320    ,
-320    ,
-320    ,
-320    ,
-256    ,
-256    ,
-256    ,
-256    ,
-256    ,
-256    ,
-256    ,
-256    ,
-256    ,
-256    ,
-256    ,
-256    ,
-256    ,
-256    ,
-256    ,
-256    ,
-256    ,
-256    ,
-256    ,
-256    ,
-192    ,
-192    ,
-192    ,
-192    ,
-192    ,
-192    ,
-192    ,
-192    ,
-192    ,
-192    ,
-192    ,
-192    ,
-192    ,
-192    ,
-192    ,
-192    ,
-192    ,
-192    ,
-192    ,
-192    ,
-192    ,
-192    ,
-192    ,
-192    ,
-128    ,
-128    ,
-128    ,
-128    ,
-128    ,
-128    ,
-128    ,
-128    ,
-128    ,
-128    ,
-128    ,
-128    ,
-128    ,
-128    ,
-128    ,
-128    ,
-128    ,
-128    ,
-128    ,
-128    ,
-64     ,
-64     ,
-64     ,
-64     ,
-64     ,
-64     ,
-64     ,
-64     ,
-64     ,
-64     ,
-64     ,
-64     ,
-64     ,
-64     ,
-64     ,
-64     ,
-64     ,
-64     ,
-64     ,
-64     ,
-64     ,
-64     ,
-64     ,
-64     ,
0       ,
0       ,
0       ,
0       ,
0       ,
0       ,
0       ,
0       ,
0       ,
0       ,
0       ,
0       ,
0       ,
0       ,
0       ,
0       ,
0       ,
0       ,
0       ,
0       ,
0       ,
0       ,
0       ,
0       ,
0       ,
0       ,
0       ,
0       ,
0       ,
0       ,
0       ,
0       ,
0       ,
0       ,
0       ,
0       ,
0       ,
0       ,
0       ,
0       ,
0       ,
0       ,
0       ,
0       ,
0       ,
0       ,
0       ,
0       ,
0       ,
0       ,
0       ,
0       ,
0       ,
0       ,
0       ,
0       ,
0       ,
0       ,
0       ,
0       ,
0       ,
0       ,
0       ,
0       ,
0       ,
0       ,
0       ,
0       ,
0       ,
0       ,
0       ,
0       ,
0       ,
0       ,
0       ,
0       ,
0       ,
0       ,
0       ,
0       ,
0       ,
0       ,
0       ,
0       ,
0       ,
0       ,
0       ,
0       ,
0       ,
0       ,
0       ,
0       ,
0       ,
0       ,
0       ,
0       ,
0       ,
0       ,
0       ,
0       ,
0       ,
0       ,
0       ,
0       ,
64      ,
64      ,
64      ,
64      ,
64      ,
64      ,
64      ,
64      ,
64      ,
64      ,
64      ,
64      ,
64      ,
64      ,
64      ,
64      ,
64      ,
64      ,
64      ,
64      ,
64      ,
64      ,
64      ,
64      ,
128     ,
128     ,
128     ,
128     ,
128     ,
128     ,
128     ,
128     ,
128     ,
128     ,
128     ,
128     ,
128     ,
128     ,
128     ,
128     ,
128     ,
128     ,
128     ,
128     ,
192     ,
192     ,
192     ,
192     ,
192     ,
192     ,
192     ,
192     ,
192     ,
192     ,
192     ,
192     ,
192     ,
192     ,
192     ,
192     ,
192     ,
192     ,
192     ,
192     ,
192     ,
192     ,
192     ,
192     ,
256     ,
256     ,
256     ,
256     ,
256     ,
256     ,
256     ,
256     ,
256     ,
256     ,
256     ,
256     ,
256     ,
256     ,
256     ,
256     ,
256     ,
256     ,
256     ,
256     ,
320     ,
320     ,
320     ,
320     ,
320     ,
320     ,
320     ,
320     ,
320     ,
320     ,
320     ,
320     ,
320     ,
320     ,
320     ,
320     ,
320     ,
320     ,
320     ,
320     ,
320     ,
320     ,
320     ,
320     ,
384     ,
384     ,
384     ,
384     ,
384     ,
384     ,
384     ,
384     ,
384     ,
384     ,
384     ,
384     ,
384     ,
384     ,
384     ,
384     ,
384     ,
384     ,
384     ,
384     ,
384     ,
384     ,
384     ,
384     ,
448     ,
448     ,
448     ,
448     ,
448     ,
448     ,
448     ,
448     ,
448     ,
448     ,
448     ,
448     ,
448     ,
448     ,
448     ,
448     ,
448     ,
448     ,
448     ,
448     ,
512     ,
512     ,
512     ,
512     ,
512     ,
512     ,
512     ,
512     ,
512     ,
512     ,
512     ,
512     ,
512     ,
512     ,
512     ,
512     ,
512     ,
512     ,
512     ,
512     ,
512     ,
512     ,
512     ,
512     ,
576     ,
576     ,
576     ,
576     ,
576     ,
576     ,
576     ,
576     ,
576     ,
576     ,
576     ,
576     ,
576     ,
576     ,
576     ,
576     ,
576     ,
576     ,
576     ,
576     ,
640     ,
640     ,
640     ,
640     ,
640     ,
640     ,
640     ,
640     ,
640     ,
640     ,
640     ,
640     ,
640     ,
640     ,
640     ,
640     ,
640     ,
640     ,
640     ,
640     ,
640     ,
640     ,
640     ,
640     ,
704     ,
704     ,
704     ,
704     ,
704     ,
704     ,
704     ,
704     ,
704     ,
704     ,
704     ,
704     ,
704     ,
704     ,
704     ,
704     ,
704     ,
704     ,
704     ,
704     ,
768     ,
768     ,
768     ,
768     ,
768     ,
768     ,
768     ,
768     ,
768     ,
768     ,
768     ,
768     ,
768     ,
768     ,
768     ,
768     ,
768     ,
768     ,
768     ,
768     ,
768     ,
768     ,
768     ,
768     ,
832     ,
832     ,
832     ,
832     ,
832     ,
832     ,
832     ,
832     ,
832     ,
832     ,
832     ,
832     ,
832     ,
832     ,
832     ,
832     ,
832     ,
832     ,
832     ,
832     ,
896     ,
896     ,
896     ,
896     ,
896     ,
896     ,
896     ,
896     ,
896     ,
896     ,
896     ,
896     ,
896     ,
896     ,
896     ,
896     ,
896     ,
896     ,
896     ,
896     ,
896     ,
896     ,
896     ,
896     ,
960     ,
960     ,
960     ,
960     ,
960     ,
960     ,
960     ,
960     ,
960     ,
960     ,
960     ,
960     ,
960     ,
960     ,
960     ,
960     ,
960     ,
960     ,
960     ,
960     ,
960     ,
960     ,
960     ,
960     ,
1024    ,
1024    ,
1024    ,
1024    ,
1024    ,
1024    ,
1024    ,
1024    ,
1024    ,
1024    ,
1024    ,
1024    ,
1024    ,
1024    ,
1024    ,
1024    ,
1024    ,
1024    ,
1024    ,
1024    ,
1088    ,
1088    ,
1088    ,
1088    ,
1088    ,
1088    ,
1088    ,
1088    ,
1088    ,
1088    ,
1088    ,
1088    ,
1088    ,
1088    ,
1088    ,
1088    ,
1088    ,
1088    ,
1088    ,
1088    ,
1088    ,
1088    ,
1088    ,
1088    ,
1152    ,
1152    ,
1152    ,
1152    ,
1152    ,
1152    ,
1152    ,
1152    ,
1152    ,
1152    ,
1152    ,
1152    ,
1152    ,
1152    ,
1152    ,
1152    ,
1152    ,
1152    ,
1152    ,
1152    ,
1216    ,
1216    ,
1216    ,
1216    ,
1216    ,
1216    ,
1216    ,
1216    ,
1216    ,
1216    ,
1216    ,
1216    ,
1216    ,
1216    ,
1216    ,
1216    ,
1216    ,
1216    ,
1216    ,
1216    ,
1216    ,
1216    ,
1216    ,
1216    ,
1280    ,
1280    ,
1280    ,
1280    ,
1280    ,
1280    ,
1280    ,
1280    ,
1280    ,
1280    ,
1280    ,
1280    ,
1280    ,
1280    ,
1280    ,
1280    ,
1280    ,
1280    ,
1280    ,
1280    ,
1344    ,
1344    ,
1344    ,
1344    ,
1344    ,
1344    ,
1344    ,
1344    ,
1344    ,
1344    ,
1344    ,
1344    ,
1344    ,
1344    ,
1344    ,
1344    ,
1344    ,
1344    ,
1344    ,
1344    ,
1344    ,
1344    ,
1344    ,
1344    ,
1408    ,
1408    ,
1408    ,
1408    ,
1408    ,
1408    ,
1408    ,
1408    ,
1408    ,
1408    ,
1408    ,
1408    ,
1408    ,
1408    ,
1408    ,
1408    ,
1408    ,
1408    ,
1408    ,
1408    ,
1472    ,
1472    ,
1472    ,
1472    ,
1472    ,
1472    ,
1472    ,
1472    ,
1472    ,
1472    ,
1472    ,
1472    ,
1472    ,
1472    ,
1472    ,
1472    ,
1472    ,
1472    ,
1472    ,
1472    ,
1472    ,
1472    ,
1472    ,
1472    ,
1536    ,
1536    ,
1536    ,
1536    ,
1536    ,
1536    ,
1536    ,
1536    ,
1536    ,
1536    ,
1536    ,
1536    ,
1536    ,
1536    ,
1536    ,
1536    ,
1536    ,
1536    ,
1536    ,
1536    ,
1536    ,
1536    ,
1536    ,
1536    ,
1600    ,
1600    ,
1600    ,
1600    ,
1600    ,
1600    ,
1600    ,
1600    ,
1600    ,
1600    ,
1600    ,
1600    ,
1600    ,
1600    ,
1600    ,
1600    ,
1600    ,
1600    ,
1600    ,
1600    ,
1664    ,
1664    ,
1664    ,
1664    ,
1664    ,
1664    ,
1664    ,
1664    ,
1664    ,
1664    ,
1664    ,
1664    ,
1664    ,
1664    ,
1664    ,
1664    ,
1664    ,
1664    ,
1664    ,
1664    ,
1664    ,
1664    ,
1664    ,
1664    ,
1728    ,
1728    ,
1728    ,
1728    ,
1728    ,
1728    ,
1728    ,
1728    ,
1728    ,
1728    ,
1728    ,
1728    ,
1728    ,
1728    ,
1728    ,
1728    ,
1728    ,
1728    ,
1728    ,
1728    ,
1792    ,
1792    ,
1792    ,
1792    ,
1792    ,
1792    ,
1792    ,
1792    ,
1792    ,
1792    ,
1792    ,
1792    ,
1792    ,
1792    ,
1792    ,
1792    ,
1792    ,
1792    ,
1792    ,
1792    ,
1792    ,
1792    ,
1792    ,
1792    ,
1856    ,
1856    ,
1856    ,
1856    ,
1856    ,
1856    ,
1856    ,
1856    ,
1856    ,
1856    ,
1856    ,
1856    ,
1856    ,
1856    ,
1856    ,
1856    ,
1856    ,
1856    ,
1856    ,
1856    ,
1920    ,
1920    ,
1920    ,
1920    ,
1920    ,
1920    ,
1920    ,
1920    ,
1920    ,
1920    ,
1920    ,
1920    ,
1920    ,
1920    ,
1920    ,
1920    ,
1920    ,
1920    ,
1920    ,
1920    ,
1920    ,
1920    ,
1920    ,
1920    ,
1984    ,
1984    ,
1984    ,
1984    ,
1984    ,
1984    ,
1984    ,
1984    ,
1984    ,
1984    ,
1984    ,
1984    ,
1984    ,
1984    ,
1984    ,
1984    ,
1984    ,
1984    ,
1984    ,
1984    ,
2048    ,
2048    ,
2048    ,
2048    ,
2048    ,
2048    ,
2048    ,
2048    ,
2048    ,
2048    ,
2048    ,
2048    ,
2048    ,
2048    ,
2048    ,
2048    ,
2048    ,
2048    ,
2048    ,
2048    ,
2048    ,
2048    ,
2048    ,
2048    ,
2112    ,
2112    ,
2112    ,
2112    ,
2112    ,
2112    ,
2112    ,
2112    ,
2112    ,
2112    ,
2112    ,
2112    ,
2112    ,
2112    ,
2112    ,
2112    ,
2112    ,
2112    ,
2112    ,
2112    ,
2112    ,
2112    ,
2112    ,
2112    ,
2176    ,
2176    ,
2176    ,
2176    ,
2176    ,
2176    ,
2176    ,
2176    ,
2176    ,
2176    ,
2176    ,
2176    ,
2176    ,
2176    ,
2176    ,
2176    ,
2176    ,
2176    ,
2176    ,
2176    ,
2240    ,
2240    ,
2240    ,
2240    ,
2240    ,
2240    ,
2240    ,
2240    ,
2240    ,
2240    ,
2240    ,
2240    ,
2240    ,
2240    ,
2240    ,
2240    ,
2240    ,
2240    ,
2240    ,
2240    ,
2240    ,
2240    ,
2240    ,
2240    ,
2304    ,
2304    ,
2304    ,
2304    ,
2304    ,
2304    ,
2304    ,
2304    ,
2304    ,
2304    ,
2304    ,
2304    ,
2304    ,
2304    ,
2304    ,
2304    ,
2304    ,
2304    ,
2304    ,
2304    ,
2304    ,
2304    ,
2304    ,
2304    ,
2368    ,
2368    ,
2368    ,
2368    ,
2368    ,
2368    ,
2368    ,
2368    ,
2368    ,
2368    ,
2368    ,
2368    ,
2368    ,
2368    ,
2368    ,
2368    ,
2368    ,
2368    ,
2368    ,
2368    ,
2368    ,
2368    ,
2368    ,
2368    ,
2368    ,
2368    ,
2368    ,
2368    ,
2432    ,
2432    ,
2432    ,
2432    ,
2432    ,
2432    ,
2432    ,
2432    ,
2432    ,
2432    ,
2432    ,
2432    ,
2432    ,
2432    ,
2432    ,
2432    ,
2432    ,
2432    ,
2432    ,
2432    ,
2432    ,
2432    ,
2432    ,
2432    ,
2432    ,
2432    ,
2432    ,
2432    ,
2432    ,
2432    ,
2432    ,
2432    ,
2496    ,
2496    ,
2496    ,
2496    ,
2496    ,
2496    ,
2496    ,
2496    ,
2496    ,
2496    ,
2496    ,
2496    ,
2496    ,
2496    ,
2496    ,
2496    ,
2496    ,
2496    ,
2496    ,
2496    ,
2496    ,
2496    ,
2496    ,
2496    ,
2496    ,
2496    ,
2496    ,
2496    ,
2496    ,
2496    ,
2496    ,
2496    ,
2496    ,
2496    ,
2496    ,
2496    ,
2560    ,
2560    ,
2560    ,
2560    ,
2560    ,
2560    ,
2560    ,
2560    ,
2560    ,
2560    ,
2560    ,
2560    ,
2560    ,
2560    ,
2560    ,
2560    ,
2560    ,
2560    ,
2560    ,
2560    ,
2560    ,
2560    ,
2560    ,
2560    ,
2560    ,
2560    ,
2560    ,
2560    ,
2560    ,
2560    ,
2560    ,
2560    ,
2560    ,
2560    ,
2560    ,
2560    ,
2560    ,
2560    ,
2560    ,
2560    ,
2560    ,
2560    ,
2560    ,
2560    ,
2560    ,
2560    ,
2560    ,
2560    ,
2624    ,
2624    ,
2624    ,
2624    ,
2624    ,
2624    ,
2624    ,
2624    ,
2624    ,
2624    ,
2624    ,
2624    ,
2624    ,
2624    ,
2624    ,
2624    ,
2624    ,
2624    ,
2624    ,
2624    ,
2624    ,
2624    ,
2624    ,
2624    ,
2624    ,
2624    ,
2624    ,
2624    ,
2624    ,
2624    ,
2624    ,
2624    ,
2624    ,
2624    ,
2624    ,
2624    ,
2624    ,
2624    ,
2624    ,
2624    ,
2624    ,
2624    ,
2624    ,
2624    ,
2624    ,
2624    ,
2624    ,
2624    ,
2624    ,
2624    ,
2624    ,
2624    ,
2624    ,
2624    ,
2624    ,
2624    ,
2624    ,
2624    ,
2624    ,
2624    ,
2624    ,
2624    ,
2624    ,
2624    ,
2624    ,
2624    ,
2624    ,
2624    ,
2624    ,
2624    ,
2624    ,
2624    ,
2624    ,
2624    ,
2624    ,
2624    ,
2624    ,
2624    ,
2624    ,
2624    ,
2624    ,
2624    ,
2624    ,
2624    ,
2624    ,
2624    ,
2624    ,
2624    ,
2624    ,
2624    ,
2624    ,
2624    ,
2624    ,
2624    ,
2624    ,
2624    ,
2624    ,
2624    ,
2624    ,
2624    ,
2624    ,
2624    ,
2624    ,
2624    ,
2624    ,
2624    ,
2624    ,
2624    ,
2624    ,
2624    ,
2624    ,
2624    ,
2624    ,
2624    ,
2624    ,
2624    ,
2624    ,
2624    ,
2624    ,
2624    ,
2624    ,
2624    ,
2624    ,
2624    ,
2624    ,
2624    ,
2624    ,
2624    ,
2624    ,
2624    ,
2624    ,
2624    ,
2624    ,
2624    ,
2624    ,
2624    ,
2624    ,
2624    ,
2624    ,
2624    ,
2624    ,
2624    ,
2624    ,
2624    ,
2624    ,
2624    ,
2624    ,
2624    ,
2624    ,
2624    ,
2624    ,
2624    ,
2624    ,
2624    ,
2624    ,
2624    ,
2624    ,
2624    ,
2624    ,
2624    ,
2624    ,
2624    ,
2624    ,
2624    ,
2624    ,
2624    ,
2624    ,
2624    ,
2624    ,
2624    ,
2624    ,
2624    ,
2624    ,
2624    ,
2624    ,
2624    ,
2560    ,
2560    ,
2560    ,
2560    ,
2560    ,
2560    ,
2560    ,
2560    ,
2560    ,
2560    ,
2560    ,
2560    ,
2560    ,
2560    ,
2560    ,
2560    ,
2560    ,
2560    ,
2560    ,
2560    ,
2560    ,
2560    ,
2560    ,
2560    ,
2560    ,
2560    ,
2560    ,
2560    ,
2560    ,
2560    ,
2560    ,
2560    ,
2560    ,
2560    ,
2560    ,
2560    ,
2560    ,
2560    ,
2560    ,
2560    ,
2560    ,
2560    ,
2560    ,
2560    ,
2560    ,
2560    ,
2560    ,
2560    ,
2496    ,
2496    ,
2496    ,
2496    ,
2496    ,
2496    ,
2496    ,
2496    ,
2496    ,
2496    ,
2496    ,
2496    ,
2496    ,
2496    ,
2496    ,
2496    ,
2496    ,
2496    ,
2496    ,
2496    ,
2496    ,
2496    ,
2496    ,
2496    ,
2496    ,
2496    ,
2496    ,
2496    ,
2496    ,
2496    ,
2496    ,
2496    ,
2432    ,
2432    ,
2432    ,
2432    ,
2432    ,
2432    ,
2432    ,
2432    ,
2432    ,
2432    ,
2432    ,
2432    ,
2432    ,
2432    ,
2432    ,
2432    ,
2432    ,
2432    ,
2432    ,
2432    ,
2432    ,
2432    ,
2432    ,
2432    ,
2432    ,
2432    ,
2432    ,
2432    ,
2432    ,
2432    ,
2432    ,
2432    ,
2368    ,
2368    ,
2368    ,
2368    ,
2368    ,
2368    ,
2368    ,
2368    ,
2368    ,
2368    ,
2368    ,
2368    ,
2368    ,
2368    ,
2368    ,
2368    ,
2368    ,
2368    ,
2368    ,
2368    ,
2368    ,
2368    ,
2368    ,
2368    ,
2304    ,
2304    ,
2304    ,
2304    ,
2304    ,
2304    ,
2304    ,
2304    ,
2304    ,
2304    ,
2304    ,
2304    ,
2304    ,
2304    ,
2304    ,
2304    ,
2304    ,
2304    ,
2304    ,
2304    ,
2304    ,
2304    ,
2304    ,
2304    ,
2240    ,
2240    ,
2240    ,
2240    ,
2240    ,
2240    ,
2240    ,
2240    ,
2240    ,
2240    ,
2240    ,
2240    ,
2240    ,
2240    ,
2240    ,
2240    ,
2240    ,
2240    ,
2240    ,
2240    ,
2240    ,
2240    ,
2240    ,
2240    ,
2176    ,
2176    ,
2176    ,
2176    ,
2176    ,
2176    ,
2176    ,
2176    ,
2176    ,
2176    ,
2176    ,
2176    ,
2176    ,
2176    ,
2176    ,
2176    ,
2176    ,
2176    ,
2176    ,
2176    ,
2112    ,
2112    ,
2112    ,
2112    ,
2112    ,
2112    ,
2112    ,
2112    ,
2112    ,
2112    ,
2112    ,
2112    ,
2112    ,
2112    ,
2112    ,
2112    ,
2112    ,
2112    ,
2112    ,
2112    ,
2048    ,
2048    ,
2048    ,
2048    ,
2048    ,
2048    ,
2048    ,
2048    ,
2048    ,
2048    ,
2048    ,
2048    ,
2048    ,
2048    ,
2048    ,
2048    ,
1984    ,
1984    ,
1984    ,
1984    ,
1984    ,
1984    ,
1984    ,
1984    ,
1984    ,
1984    ,
1984    ,
1984    ,
1984    ,
1984    ,
1984    ,
1984    ,
1984    ,
1984    ,
1984    ,
1984    ,
1920    ,
1920    ,
1920    ,
1920    ,
1920    ,
1920    ,
1920    ,
1920    ,
1920    ,
1920    ,
1920    ,
1920    ,
1920    ,
1920    ,
1920    ,
1920    ,
1856    ,
1856    ,
1856    ,
1856    ,
1856    ,
1856    ,
1856    ,
1856    ,
1856    ,
1856    ,
1856    ,
1856    ,
1856    ,
1856    ,
1856    ,
1856    ,
1792    ,
1792    ,
1792    ,
1792    ,
1792    ,
1792    ,
1792    ,
1792    ,
1792    ,
1792    ,
1792    ,
1792    ,
1792    ,
1792    ,
1792    ,
1792    ,
1728    ,
1728    ,
1728    ,
1728    ,
1728    ,
1728    ,
1728    ,
1728    ,
1728    ,
1728    ,
1728    ,
1728    ,
1728    ,
1728    ,
1728    ,
1728    ,
1664    ,
1664    ,
1664    ,
1664    ,
1664    ,
1664    ,
1664    ,
1664    ,
1664    ,
1664    ,
1664    ,
1664    ,
1664    ,
1664    ,
1664    ,
1664    ,
1600    ,
1600    ,
1600    ,
1600    ,
1600    ,
1600    ,
1600    ,
1600    ,
1600    ,
1600    ,
1600    ,
1600    ,
1600    ,
1600    ,
1600    ,
1600    ,
1536    ,
1536    ,
1536    ,
1536    ,
1536    ,
1536    ,
1536    ,
1536    ,
1536    ,
1536    ,
1536    ,
1536    ,
1536    ,
1536    ,
1536    ,
1536    ,
1472    ,
1472    ,
1472    ,
1472    ,
1472    ,
1472    ,
1472    ,
1472    ,
1472    ,
1472    ,
1472    ,
1472    ,
1472    ,
1472    ,
1472    ,
1472    ,
1408    ,
1408    ,
1408    ,
1408    ,
1408    ,
1408    ,
1408    ,
1408    ,
1408    ,
1408    ,
1408    ,
1408    ,
1344    ,
1344    ,
1344    ,
1344    ,
1344    ,
1344    ,
1344    ,
1344    ,
1344    ,
1344    ,
1344    ,
1344    ,
1344    ,
1344    ,
1344    ,
1344    ,
1280    ,
1280    ,
1280    ,
1280    ,
1280    ,
1280    ,
1280    ,
1280    ,
1280    ,
1280    ,
1280    ,
1280    ,
1280    ,
1280    ,
1280    ,
1280    ,
1216    ,
1216    ,
1216    ,
1216    ,
1216    ,
1216    ,
1216    ,
1216    ,
1216    ,
1216    ,
1216    ,
1216    ,
1216    ,
1216    ,
1216    ,
1216    ,
1152    ,
1152    ,
1152    ,
1152    ,
1152    ,
1152    ,
1152    ,
1152    ,
1152    ,
1152    ,
1152    ,
1152    ,
1088    ,
1088    ,
1088    ,
1088    ,
1088    ,
1088    ,
1088    ,
1088    ,
1088    ,
1088    ,
1088    ,
1088    ,
1088    ,
1088    ,
1088    ,
1088    ,
1024    ,
1024    ,
1024    ,
1024    ,
1024    ,
1024    ,
1024    ,
1024    ,
1024    ,
1024    ,
1024    ,
1024    ,
1024    ,
1024    ,
1024    ,
1024    ,
960     ,
960     ,
960     ,
960     ,
960     ,
960     ,
960     ,
960     ,
960     ,
960     ,
960     ,
960     ,
960     ,
960     ,
960     ,
960     ,
896     ,
896     ,
896     ,
896     ,
896     ,
896     ,
896     ,
896     ,
896     ,
896     ,
896     ,
896     ,
832     ,
832     ,
832     ,
832     ,
832     ,
832     ,
832     ,
832     ,
832     ,
832     ,
832     ,
832     ,
832     ,
832     ,
832     ,
832     ,
768     ,
768     ,
768     ,
768     ,
768     ,
768     ,
768     ,
768     ,
768     ,
768     ,
768     ,
768     ,
768     ,
768     ,
768     ,
768     ,
704     ,
704     ,
704     ,
704     ,
704     ,
704     ,
704     ,
704     ,
704     ,
704     ,
704     ,
704     ,
704     ,
704     ,
704     ,
704     ,
640     ,
640     ,
640     ,
640     ,
640     ,
640     ,
640     ,
640     ,
640     ,
640     ,
640     ,
640     ,
640     ,
640     ,
640     ,
640     ,
640     ,
640     ,
640     ,
640     ,
576     ,
576     ,
576     ,
576     ,
576     ,
576     ,
576     ,
576     ,
576     ,
576     ,
576     ,
576     ,
576     ,
576     ,
576     ,
576     ,
512     ,
512     ,
512     ,
512     ,
512     ,
512     ,
512     ,
512     ,
512     ,
512     ,
512     ,
512     ,
512     ,
512     ,
512     ,
512     ,
448     ,
448     ,
448     ,
448     ,
448     ,
448     ,
448     ,
448     ,
448     ,
448     ,
448     ,
448     ,
448     ,
448     ,
448     ,
448     ,
448     ,
448     ,
448     ,
448     ,
384     ,
384     ,
384     ,
384     ,
384     ,
384     ,
384     ,
384     ,
384     ,
384     ,
384     ,
384     ,
384     ,
384     ,
384     ,
384     ,
384     ,
384     ,
384     ,
384     ,
320     ,
320     ,
320     ,
320     ,
320     ,
320     ,
320     ,
320     ,
320     ,
320     ,
320     ,
320     ,
320     ,
320     ,
320     ,
320     ,
320     ,
320     ,
320     ,
320     ,
320     ,
320     ,
320     ,
320     ,
256     ,
256     ,
256     ,
256     ,
256     ,
256     ,
256     ,
256     ,
256     ,
256     ,
256     ,
256     ,
256     ,
256     ,
256     ,
256     ,
256     ,
256     ,
256     ,
256     ,
256     ,
256     ,
256     ,
256     ,
192     ,
192     ,
192     ,
192     ,
192     ,
192     ,
192     ,
192     ,
192     ,
192     ,
192     ,
192     ,
192     ,
192     ,
192     ,
192     ,
192     ,
192     ,
192     ,
192     ,
192     ,
192     ,
192     ,
192     ,
128     ,
128     ,
128     ,
128     ,
128     ,
128     ,
128     ,
128     ,
128     ,
128     ,
128     ,
128     ,
128     ,
128     ,
128     ,
128     ,
128     ,
128     ,
128     ,
128     ,
128     ,
128     ,
128     ,
128     ,
128     ,
128     ,
128     ,
128     ,
128     ,
128     ,
128     ,
128     ,
64      ,
64      ,
64      ,
64      ,
64      ,
64      ,
64      ,
64      ,
64      ,
64      ,
64      ,
64      ,
64      ,
64      ,
64      ,
64      ,
64      ,
64      ,
64      ,
64      ,
64      ,
64      ,
64      ,
64      ,
64      ,
64      ,
64      ,
64      ,
64      ,
64      ,
64      ,
64      ,
64      ,
64      ,
64      ,
64      ,
64      ,
64      ,
64      ,
64      ,
64      ,
64      ,
64      ,
64      ,
64      ,
64      ,
64      ,
64      ,
0       ,
0       ,
0       ,
0       ,
0       ,
0       ,
0       ,
0       ,
0       ,
0       ,
0       ,
0       ,
0       ,
0       ,
0       ,
0       ,
0       ,
0       ,
0       ,
0       ,
0       ,
0       ,
0       ,
0       ,
0       ,
0       ,
0       ,
0       ,
0       ,
0       ,
0       ,
0       ,
0       ,
0       ,
0       ,
0       ,
0       ,
0       ,
0       ,
0       ,
0       ,
0       ,
0       ,
0       ,
0       ,
0       ,
0       ,
0       ,
0       ,
0       ,
0       ,
0       ,
0       ,
0       ,
0       ,
0       ,
0       ,
0       ,
0       ,
0
