15,  63,  100, 63 , 15,
14,  61,  100, 65 , 16,
13,  59,  100, 67 , 17,
12,  58,  99 , 69 , 18,
11,  56,  99 , 71 , 19,
11,  54,  99 , 72 , 20,
10,  52,  99 , 74 , 21,
10,  50,  98 , 76 , 22,
9 ,  49,  97 , 78 , 23,
9 ,  47,  97 , 79 , 24,
8 ,  45,  96 , 81 , 26,
8 ,  44,  95 , 82 , 27,
7 ,  42,  94 , 84 , 29,
6 ,  41,  93 , 86 , 30,
6 ,  39,  92 , 88 , 31,
6 ,  36,  92 , 89 , 33,
5 ,  34,  91 , 91 , 35,
5 ,  33,  90 , 92 , 36,
5 ,  32,  88 , 93 , 38,
4 ,  31,  86 , 94 , 41,
4 ,  29,  85 , 95 , 43,
4 ,  27,  84 , 97 , 44,
4 ,  26,  82 , 98 , 46,
3 ,  25,  81 , 99 , 48,
3 ,  24,  79 , 100, 50,
3 ,  23,  77 , 101, 52,
2 ,  22,  76 , 102, 54,
2 ,  21,  75 , 102, 56,
2 ,  20,  73 , 103, 58,
2 ,  19,  72 , 104, 59,
2 ,  18,  69 , 105, 62,
2 ,  17,  68 , 105, 64
